1 -1.39579194872014 -0.161821680390258 0 0
1 -0.687802022625831 -0.499500171745616 1 -0.687802022625831
2 1.47076339620273 -0.321075988301463 0 0
2 -1.5291500625351 2.70006100625407 1 -1.5291500625351
3 -1.6162962060219 -0.449927201065983 0 0
3 1.83624209710199 1.07504144139651 1 1.83624209710199
4 -1.6162962060219 0.28746850344408 0 0
4 -0.267128002671194 -0.322595790504354 1 -0.267128002671194
5 -0.0727664049095799 0.913386192416299 0 0
5 0.153546017283441 0.958803222308662 1 0.153546017283441
6 1.25025913890098 -0.399737964633361 0 0
6 -0.267128002671194 -1.69754109915699 1 -0.267128002671194
7 -0.293270662211341 0.410528650466374 0 0
7 -0.477465012648513 0.718454076067261 1 -0.477465012648513
8 -0.0727664049095799 2.10200243600811 0 0
8 -0.0567909926938761 1.40384277825854 1 -0.0567909926938761
9 0.809250624297457 -0.336036241468879 0 0
9 -1.10847604258047 -0.147543811160906 1 -1.10847604258047
10 1.02975488159922 -0.490947250073414 0 0
10 -0.477465012648513 -0.738460016563655 1 -0.477465012648513
11 -0.954783434116619 0.184194497707723 0 0
11 -0.89813903260315 1.35706963033873 1 -0.89813903260315
12 0.147737852392179 -1.35092051279392 0 0
12 -0.267128002671194 -0.138744902146288 1 -0.267128002671194
13 0.809250624297457 2.32206293421268 0 0
13 -0.89813903260315 1.02734209252779 1 -0.89813903260315
14 1.47076339620273 1.20631760121054 0 0
14 -0.267128002671194 -0.469398640906134 1 -0.267128002671194
15 -0.0727664049095799 -0.362096037308894 0 0
15 -0.0567909926938761 0.573966728037749 1 -0.0567909926938761
16 -0.513774919513099 -0.837928605795099 0 0
16 0.574220037238078 0.430868681431597 1 0.574220037238078
17 -0.513774919513099 -0.167612746132484 0 0
17 -1.10847604258047 1.31492748716345 1 -1.10847604258047
18 0.809250624297457 -0.0773686383161346 0 0
18 0.363883027260761 -0.808851288680598 1 0.363883027260761
19 0.147737852392179 1.07312308913936 0 0
19 0.574220037238078 0.293327840518889 1 0.574220037238078
20 0.368242109693937 0.860784011924415 0 0
20 0.784557047215398 1.3473445203752 1 0.784557047215398
21 -0.73427917681486 -0.373195579981494 0 0
21 -0.89813903260315 -0.972325756162706 1 -0.89813903260315
22 -0.73427917681486 0.785017568463631 0 0
22 0.784557047215398 0.012225852525574 1 0.784557047215398
23 -1.6162962060219 -0.0575824970301974 0 0
23 -2.5808351124217 0.867109328366856 1 -2.5808351124217
24 -0.0727664049095799 2.17149522491481 0 0
24 -2.16016109246706 -0.675015251563517 1 -2.16016109246706
25 0.368242109693937 -0.329762586914801 0 0
25 -0.687802022625831 0.0256557662847275 1 -0.687802022625831
26 0.368242109693937 -1.1656064090427 0 0
26 0.994894057192715 1.573800652383 1 0.994894057192715
27 0.147737852392179 -0.656475212538697 0 0
27 0.574220037238078 0.0418642828906023 1 0.574220037238078
28 0.809250624297457 -0.338931774339991 0 0
28 -1.31881305255779 -0.319817187657633 1 -1.31881305255779
29 -0.513774919513099 -0.311906800876272 0 0
29 -1.10847604258047 0.21691626223405 1 -1.10847604258047
30 -1.6162962060219 0.735310920842861 0 0
30 0.153546017283441 -0.379557148862143 1 0.153546017283441
31 0.809250624297457 0.583295445109438 0 0
31 -1.5291500625351 -0.676404552986878 1 -1.5291500625351
32 0.809250624297457 0.0215620681135527 0 0
32 1.20523106717003 -0.12207328506596 1 1.20523106717003
33 -1.6162962060219 -0.207185028704359 0 0
33 -0.477465012648513 -2.15184266459594 1 -0.477465012648513
34 1.02975488159922 0.572678491248691 0 0
34 0.574220037238078 -1.06587205200233 1 0.574220037238078
35 0.368242109693937 -0.375608524040754 0 0
35 -0.267128002671194 0.599437254132695 1 -0.267128002671194
36 -0.293270662211341 0.576539201743509 0 0
36 0.784557047215398 -1.04827423397309 1 0.784557047215398
37 2.57328468271153 0.0399004429639341 0 0
37 -0.477465012648513 -0.638430314081686 1 -0.477465012648513
38 -0.293270662211341 1.53061728277518 0 0
38 0.784557047215398 0.432257982854958 1 0.784557047215398
39 -0.293270662211341 -0.875570533119566 0 0
39 0.784557047215398 0.217842463182957 1 0.784557047215398
40 -0.73427917681486 -0.227936347614001 0 0
40 -0.267128002671194 0.12475926781779 1 -0.267128002671194
41 1.47076339620273 0.62431549411687 0 0
41 0.153546017283441 0.5156160682566 1 0.153546017283441
42 0.588746366995698 0.550961994715345 0 0
42 -0.267128002671194 1.26120783212684 1 -0.267128002671194
43 -1.39579194872014 -0.705699271347615 0 0
43 -0.477465012648513 -0.187833552438366 1 -0.477465012648513
44 -0.513774919513099 0.175025310282532 0 0
44 1.41556807714735 -1.1140345013455 1 1.41556807714735
45 1.25025913890098 -1.89141998206831 0 0
45 -1.73948707251242 -0.0984551608688279 1 -1.73948707251242
46 1.02975488159922 -1.15257651112269 0 0
46 -1.73948707251242 -0.628242103643707 1 -1.73948707251242
47 1.47076339620273 -2.30741153788485 0 0
47 -0.477465012648513 -1.39235788649209 1 -0.477465012648513
48 -0.954783434116619 -0.70907739303058 0 0
48 -0.477465012648513 -0.387429856927853 1 -0.477465012648513
49 -1.6162962060219 0.527315142934591 0 0
49 0.574220037238078 -1.19461398390042 1 0.574220037238078
50 1.02975488159922 -0.514594101854169 0 0
50 0.994894057192715 0.554979608585153 1 0.994894057192715
51 -0.293270662211341 1.97942487779767 0 0
51 -0.0567909926938761 -0.344361512803672 1 -0.0567909926938761
52 0.368242109693937 -0.485156184331189 0 0
52 1.83624209710199 0.487830039789385 1 1.83624209710199
53 -0.293270662211341 0.999287000925979 0 0
53 0.363883027260761 0.16365970767189 1 0.363883027260761
54 1.02975488159922 0.813007719551055 0 0
54 -0.477465012648513 -0.624537299848079 1 -0.477465012648513
55 -0.954783434116619 -0.477434763341554 0 0
55 -1.10847604258047 0.471158422709057 1 -1.10847604258047
56 0.147737852392179 -0.844684849161029 0 0
56 0.784557047215398 -0.0563130176935538 1 0.784557047215398
57 -0.293270662211341 0.898908528060734 0 0
57 0.363883027260761 0.563778517599771 1 0.363883027260761
58 -0.954783434116619 -0.463922276609695 0 0
58 -0.687802022625831 -1.19554018484932 1 -0.687802022625831
59 0.809250624297457 1.81920539226276 0 0
59 1.20523106717003 0.839786400374096 1 1.20523106717003
60 2.35278042540977 1.05864542478379 0 0
60 0.574220037238078 -0.0192649797372687 1 0.574220037238078
61 -0.73427917681486 0.415354538584895 0 0
61 0.574220037238078 0.144209487744841 1 0.574220037238078
62 -1.6162962060219 0.291811802750748 0 0
62 0.153546017283441 -0.459673530942609 1 0.153546017283441
63 -0.293270662211341 -0.977396772420366 0 0
63 1.62590508712467 -2.77610210415934 1 1.62590508712467
64 -0.0727664049095799 -0.805595155401006 0 0
64 -1.5291500625351 -0.524044496891655 1 -1.5291500625351
65 1.91177191080625 -0.0102887934686879 0 0
65 -1.73948707251242 1.62474170457289 1 -1.73948707251242
66 -0.293270662211341 0.207358760676625 0 0
66 1.62590508712467 0.41697566719799 1 1.62590508712467
67 0.368242109693937 -1.94546992899575 0 0
67 -0.267128002671194 -1.37105526466723 1 -0.267128002671194
68 0.147737852392179 -0.575882880959391 0 0
68 0.153546017283441 0.938426801432705 1 0.153546017283441
69 -0.0727664049095799 -1.79200668682677 0 0
69 0.574220037238078 0.4507820018331 1 0.574220037238078
70 -1.6162962060219 -0.517972223537134 0 0
70 1.41556807714735 -0.666216342548899 1 1.41556807714735
71 -0.293270662211341 -0.245309544840677 0 0
71 -0.89813903260315 0.153471497233912 1 -0.89813903260315
72 -0.0727664049095799 -1.47880654793473 0 0
72 -0.477465012648513 -1.45487645054332 1 -0.477465012648513
73 -0.293270662211341 1.61893103534412 0 0
73 -0.477465012648513 0.298421945737878 1 -0.477465012648513
74 0.147737852392179 0.365647890964125 0 0
74 0.153546017283441 1.97901356752987 1 0.153546017283441
75 0.147737852392179 -0.260269798008093 0 0
75 -0.687802022625831 0.269709716321756 1 -0.687802022625831
76 1.6912676535045 -0.59615161105718 0 0
76 -2.79117212239901 -0.295272862511593 1 -2.79117212239901
77 -0.954783434116619 -2.62833309776652 0 0
77 0.153546017283441 -1.92168172879252 1 0.153546017283441
78 0.368242109693937 -0.34520542889407 0 0
78 1.20523106717003 -0.6273159026948 1 1.20523106717003
79 -1.6162962060219 0.227144901962562 0 0
79 0.574220037238078 0.998166762637215 1 0.574220037238078
80 0.368242109693937 0.514767833826435 0 0
80 1.20523106717003 -0.0743739361972429 1 1.20523106717003
81 -0.293270662211341 -0.30901126800516 0 0
81 -0.477465012648513 0.248870194971346 1 -0.477465012648513
82 1.02975488159922 1.68890641306268 0 0
82 0.784557047215398 1.74700022982863 1 0.784557047215398
83 2.35278042540977 0.797082288759934 0 0
83 1.20523106717003 -0.0595547210147284 1 1.20523106717003
84 -0.513774919513099 -1.43875167655101 0 0
84 0.153546017283441 1.31122268336782 1 0.153546017283441
85 -1.6162962060219 -0.203806907021394 0 0
85 -0.477465012648513 -0.168383332511317 1 -0.477465012648513
86 1.47076339620273 2.44174495955201 0 0
86 0.784557047215398 1.05605432194391 1 0.784557047215398
87 0.147737852392179 -0.192224775536943 0 0
87 0.363883027260761 1.94613343384366 1 0.363883027260761
88 0.368242109693937 -0.895356674405503 0 0
88 1.20523106717003 -0.203115868095334 1 1.20523106717003
89 -0.0727664049095799 0.0736816597935835 0 0
89 -1.73948707251242 -0.520802793570479 1 -1.73948707251242
90 -1.39579194872014 -1.68438938178374 0 0
90 -0.0567909926938761 0.122906865919976 1 -0.0567909926938761
91 -2.27780897792717 -0.0807467599990992 0 0
91 0.784557047215398 -1.59056488955822 1 0.784557047215398
92 -0.73427917681486 1.19714841378535 0 0
92 2.04657910707931 -1.41551291021477 1 2.04657910707931
93 -0.513774919513099 -0.0778512271279866 0 0
93 1.83624209710199 0.939353002381612 1 1.83624209710199
94 0.368242109693937 1.12717303606679 0 0
94 0.363883027260761 1.3464183194263 1 0.363883027260761
95 -0.73427917681486 -0.99187443677593 0 0
95 0.363883027260761 -1.55814785634647 1 0.363883027260761
96 0.147737852392179 -0.995735147270748 0 0
96 0.363883027260761 -0.973251957111614 1 0.363883027260761
97 0.588746366995698 0.129661961968432 0 0
97 1.20523106717003 0.494313446431735 1 1.20523106717003
98 0.147737852392179 0.946684820434097 0 0
98 -0.477465012648513 -1.5757456743757 1 -0.477465012648513
99 0.147737852392179 -0.245792133652529 0 0
99 -0.267128002671194 -1.15663974499523 1 -0.267128002671194
100 -0.0727664049095799 0.855958123805894 0 0
100 -0.0567909926938761 0.850437711286527 1 -0.0567909926938761
