-1.22946473377146 1.44015286066064 -0.393956022854606 -0.396333383868887 0.644095131977992 -0.0381381121917941 0.782563296856841 -0.0317186111918735 -0.307874674920219 -0.685087889273776 -0.750762905521861 -0.976165426581582
-0.402258936251328 0.792574308056144 -1.34933260188848 0.859766379848279 -0.0146288167402779 -0.787668314106081 0.358983448264785 -0.0450575799001751 1.64175361436025 0.920187366991966 0.784260804746286 0.731381533364134
1.31135163448873 -1.08511220502373 1.15365556668315 0.559524779438915 -1.25095424715998 0.151814080722667 -0.772392971172736 -1.46861089824819 -0.347734647027663 -0.240906668514097 -0.840064155313882 -0.348041303297291
0.591587387266619 -1.1711871299518 1.10838136122014 -0.496983441534223 -2.11826410335552 -0.578170932598555 1.12651453966337 0.602476612167498 0.308254433641949 -0.347785488781085 0.503891059915345 -0.439862845249547
-0.230820470890595 0.0631602739593766 0.963015490840396 -1.16043170963919 -0.265763760530001 0.452664930324134 1.78795517996786 0.50452586463951 1.30081371920523 -0.307842894604889 -0.34034653678877 -0.198265944103246
0.480066251310272 -0.943344777002647 -0.173668102367083 -0.274358631771576 -0.630691911437706 -0.582438365503588 0.222923800564331 0.284517141270148 -0.393947745843659 1.29069317901505 1.74656436379266 -0.786412947464751
-0.206024070064608 -1.60155396816925 -2.92055817763255 -2.91666898164536 -1.70958598690356 -1.89813356887115 0.446024072055541 0.0580862536868051 -1.03171570268802 0.0741419245432713 -9999 -0.429213962315301
-0.390267753558739 0.0505991596063285 1.2839423076398 0.662171759115163 -1.03565904272798 0.845173222932192 -0.0164079080667883 -0.304784769343942 -0.618358417115275 -0.8649727110931 -0.0573431232895121 -2.2488903871056
-0.251079458595549 0.549123005466696 0.0813317433685544 0.136553366156357 0.335986695680385 0.307839260503389 1.35973017164997 0.517280776837972 0.987874126698723 1.5392586745909 1.5309302838034 -0.64713327143322
0.911038020200249 0.848190649076749 -0.323130641781839 -0.44024768526207 -0.965321317294327 -1.16155524743736 1.03704298447933 0.129785931729035 0.819209460708927 1.54221607346252 0.671460406203513 -0.770515070804335
-0.591471747372467 1.13378079177031 0.228763400441145 -1.53189069431256 -1.22190886045626 0.297872003254885 -0.750897776102948 0.36928136892011 -0.278986128852761 -0.989842139116937 -0.754535963250652 -0.799315179327834
-1.01965757323509 -0.574540178366626 -1.91611237302038 1.09058315646072 -0.544660132371482 -0.611880656692664 -0.333919345355169 -0.645706313551656 -1.04901439270904 0.967944490439363 0.540880912881766 -9999
0.706302974992828 1.23264954295626 -0.447452550771651 2.43186340436778 -1.02165318734557 1.00802346658568 1.66225600543563 1.15115446289677 0.888327441008487 0.879716664755391 1.0265898212389 0.505614053729345
1.15982789450434 0.321911114011482 1.76736562394179 -0.113176305383854 -0.922826530678686 0.691240289275625 1.08639536640425 1.03090855083992 -0.195765743571251 0.17290514149608 0.790645301015202 0.319032866695164
0.0424773445760721 -0.899976973504491 -1.70898486988039 -0.388850545621088 -0.710805516849591 -2.16134517280651 -3.10122901527041 -2.14756680624718 -2.1965997280253 -1.18764923918673 -0.825689984500707 -9999
-0.303745525506369 1.87585804727457 0.587797105146296 -1.73477858579638 -0.905367579474469 -0.860016615929831 1.03324603118849 0.268072015808126 1.00571422779361 -1.92931999257253 -1.1974216018828 -1.00766480291624
0.264899903593131 -0.533289455547952 0.203755989019372 1.30512822531813 0.161151172172571 1.71110529667127 1.09483220887233 1.26542773309828 0.0208744597146412 0.813201882841824 0.648637245218989 0.470860158099416
0.464456423904068 0.309218014460641 0.431122417696261 1.81236873762004 -0.508272526584908 1.44186342071262 0.724724528158804 0.865984425149559 -0.00255987957557413 -0.409660434777738 0.361503772519091 -1.18271194617333
-0.189715384813175 -0.109076489381075 0.00304029101089237 -0.261386366136002 1.76713062322518 0.825022470395949 0.982870493418194 0.312132317883452 0.112347235744207 1.16473327549749 1.25650088644013 0.757260223963065
-0.909871195407093 0.0483908404023657 0.136336033848514 -1.23602331431264 -0.159125579733381 0.252225404536749 -0.192494051466857 0.968598383663087 1.07891432263996 1.53696006807006 1.64411124840694 0.260011858291456
0.445145270538967 0.414336161777852 -0.706982036683453 -0.498238695193178 -0.104577705826685 1.05054897453376 -1.8315922286463 -1.66659211470372 0.436049027936008 -0.59193766159242 0.860227689150988 -9999
0.508242239909847 0.797050308159203 0.388781984882505 1.15375294122973 0.841304743419264 0.273746346705618 0.884383855604004 0.563475952170978 -0.252379807451882 0.968753656279793 0.452748763116862 0.483303785388091
-0.41468712292131 -0.208064684465445 1.20535803121414 -0.55063859275491 -0.153243050846606 1.08825801462047 0.836870199151479 0.32734089605119 -1.19111495770531 -0.188223519716886 0.434260754953802 -0.923474793694572
0.349558318094199 -0.581936170099078 1.30875871230104 0.812406417024108 0.0300407948834037 1.42241809789605 0.869840330169184 0.530244901186936 -0.046409033047081 -0.504505749698352 -0.168113963513081 -0.15906625951796
1.34271214554776 0.558778564845563 1.14458293575977 -0.443181392144889 1.12379492918625 0.646026605098509 -2.2035040737786 -2.24199375122721 -1.42374068844257 1.30411301059663 -0.170919102386701 -9999
0.33156704023835 -0.175289135746029 1.97446572068463 -0.820230649284068 0.466589754321078 0.549794487538176 0.941973492969736 0.442377065175043 0.709121166148695 0.912769980531187 0.853693988363199 -0.0104026667296886
0.302735329300987 -1.26633187938572 0.400658364252176 1.20268090330658 -1.11590153264174 0.80820415299475 -1.58861262314808 -1.13026452802533 -0.804261017618185 -9999 0.17992842462834 0.0933824413140917
1.12942766133205 0.205536637755841 0.670229061748264 1.40338132614912 0.897301298791228 1.47865377749217 0.674909057275874 1.14050732728753 0.802064386365705 -0.0490209409500509 -0.729688084890332 -0.745795499553244
0.793541639156463 1.31351592506505 0.558397000068278 0.938728032373675 1.74575030392906 0.696828798526594 -0.011106306946013 0.111834347608627 0.340821427909415 1.55699737910786 0.978350403483593 1.06022801464167
-0.529858420887726 -0.989729482779182 0.0663982817188413 1.02879404248776 -0.593652748410796 0.229813777842497 -0.746702275575997 -0.712904716959155 -0.301199288564897 -9999 -0.754087332448289 0.00377800658850491
-0.0869373779295992 -1.02001332390491 -0.239967780064255 -0.944157773993839 -0.942538730599485 0.557140360790993 -1.38343762341968 -0.636103229337848 -0.0389269850219073 -9999 -1.36901097538535 -0.629722703972854
-0.79289933081113 -0.758680816002698 -1.27342588340638 -2.16364428549645 -1.22115244482523 -0.726125075233528 -0.246745694448267 0.18194671560604 -0.539921380421126 -2.41385951271735 -1.43434465056669 -9999
0.452879653794412 -1.1629116026782 -1.09433992541617 1.20636754690707 -0.695446619989782 -0.254246666848939 0.308022319621727 -0.302822429372656 0.489827024556514 -0.520656569830443 -0.945245296448923 -1.12940439051082
-0.0920780575897633 0.176321679730492 -0.59233980883598 0.206708563576642 0.60379219769874 -1.18006908584101 0.803582639418675 0.543238532428574 0.0440095909955805 -0.00221421205238309 0.462506275167443 0.242586525437999
0.652478627309051 1.04978427761093 0.0407416218043006 -0.726128741503739 1.12833539439747 -0.676929591992504 0.192146631124459 1.53860603185184 1.44941161887638 0.475299262072 2.13797664495654 -0.197415336871152
-1.72491388124563 -1.4082875784748 -1.85372251777431 -2.77454302366966 -0.501510473822347 -1.17915480341932 -0.964599514834926 -1.39006795362516 -0.180645784181244 -9999 -0.457712368866341 0.396686672644945
-1.35703257147558 -1.92642287735305 -1.38348352527977 -0.728202751660634 -1.17680677489081 -2.21885648431173 -1.0869913290356 -0.742922649790818 0.166903542429631 -1.48208311535494 -9999 1.13930061276307
1.09372815310575 0.850347397955377 0.488230148443314 0.13593943387158 1.06964283984014 0.31875488831956 0.0743639941285643 0.0307878304841888 -0.291008109499069 -0.303983432782617 -1.07303293784927 -1.18702176791167
-0.474703027107488 -0.854893234116252 -1.17261918589307 1.71803190023531 -0.306432982184437 0.716505598067692 0.0249858203214548 0.49217400347212 -0.913234502347645 -9999 0.554710807351672 -0.453507428032677
-2.83867600378894 -3.65734800824495 -2.49660104585626 -2.02612272836709 -2.18877654298565 -3.31098975292488 -0.738580916251099 -0.226077656870978 -0.416872035569697 -2.68343043131977 -9999 -1.17326460097298
-1.21310901552931 0.35082835214497 -0.188068524145313 -0.597613752797755 -0.496109612233329 -1.37158870839105 -0.852916388193841 -1.12009398704846 -1.27911474010114 0.644719321481816 -9999 0.41562825385469
-0.345275612620078 0.203917772569713 -0.984673151147487 -0.0526895242277339 0.716570715102248 0.344111155606142 0.648116085490385 0.819159942197465 -1.59686629024273 0.986172757653334 1.90608615870729 0.791640175562961
1.67848540146801 0.508385290131082 -0.73891953083984 0.359821775288256 1.01108323336004 0.0177767343182855 -0.915803180828644 -0.984868483050481 -0.283872418408547 0.572242872469597 0.84710052868556 1.01505243051233
0.251668614515055 0.448544104255923 0.773744986033917 1.74060074024781 1.51070208852484 0.476382355410275 -0.500885493058318 -1.2834630187439 -0.882674491969204 0.223339302149215 -0.997573325079819 -0.52510565402287
0.844554636678011 1.26778244973966 0.00799156376603297 -0.381532022345323 -0.117514245418724 0.706083633453261 -1.51776785322151 -1.10028635137053 -0.0960331379415298 -1.68786527731432 -0.601990497105978 -0.123637872724591
-0.497653843546403 0.743635631384649 1.18020667913133 0.56088307826837 0.373797172527625 -0.724986900300113 -2.68578620592095 -2.38657508606336 -1.04186042761068 -9999 -0.358693632019504 -0.686118865752489
-0.443065105541975 -0.61841212609746 -0.612558142070821 0.497413640065849 1.76057105817104 -0.72353316414579 0.785918642722314 -0.0612912558501637 1.1301315033734 0.106287362481195 0.619634608358008 0.744965967655052
-2.16788433265068 -0.3813256022268 0.98231143731685 -0.949902909578181 -0.3680675288073 0.309052726961405 0.366082576156772 0.307316600635163 0.873423987681812 -1.22914928446642 -1.37804922947944 -1.78422674984006
0.26474472590958 0.273707700683036 0.44850131953417 1.00116258144204 0.196627812751604 0.589708519249697 1.74449936574609 0.861975108542295 0.923499772615137 1.75367789789724 0.910001528962996 1.33067297758873
1.47766565118134 1.49222813542774 0.35333438116584 0.112399092962043 -0.684279318198298 -0.384990112453982 -2.02786625346619 -1.87588816826183 -0.910847286668167 -2.12389357457754 -2.52723332152443 -0.690594575872632
1.87780674708792 0.474709899048796 0.0471763858102308 2.49472920889896 0.0735396681442763 1.25476537978448 0.15071240996254 0.767396235400789 0.0256336827914491 0.285475197053613 1.16888875796047 2.24498288672982
0.855420042031763 1.17533216227378 1.64730569201481 0.0881876965414985 -1.38950960436348 0.605130248830676 -1.26864733150172 -0.172032692416076 -0.309414679513491 0.293735081985042 0.907978000566186 -0.358120525107504
0.264414555492321 1.91333078328772 0.0688319099708549 0.237831691271817 1.61025312992554 1.82035876186639 0.9595759679079 1.03012716103515 0.811224213515566 -0.992093752937496 0.0239408040509803 -0.827937067463375
-0.692609656781984 -0.665006542936757 -2.07824120707336 0.696338995526985 -0.0246594734524747 0.445522798301919 -1.55599641181066 -1.39588634557055 -1.1841021234009 -9999 -0.135228994221698 0.673507809556578
-0.306092914701018 0.965918531977458 -0.117917921260208 -0.577830119681175 -1.20262086542227 0.528170753564174 -1.81615457260317 -1.29387613388973 -1.96130584129187 1.49477001241726 -9999 1.1655031813638
1.44300426564931 0.897367450458383 0.694227419267924 -0.548161825128012 -0.672793024665971 -0.755085081138003 1.24727012032796 0.616123857399655 0.887005501209185 -0.89653627688092 -2.53387130816157 -1.05645970047365
-0.202216827318657 -0.856526951938083 -0.459063431976515 -0.687261433712062 -0.89856001706474 0.348228369770465 -1.3111369071774 -1.53639992253359 -1.25174721372911 -1.63400020038486 -1.77995397066231 -9999
0.842146104156295 0.660724435801097 -0.708982572306049 -0.34298371728481 0.841151457318635 -0.867504288675139 0.0741460285212676 0.432368449163161 0.3475054706705 -0.0351463543091275 0.296991817281744 -0.058544770730703
-1.06269469505284 -0.515974871355376 0.801340388834507 -1.5522061282259 -2.61054239554164 -2.24627330097351 -1.62385469245832 -3.0935990643024 -1.97069131961825 -9999 -3.31918407581336 -2.85556073067283
-1.23995097833695 -1.64391239484933 -0.462713511780434 -0.451944276199199 -0.349153388329351 0.131656607273213 0.458706304166031 0.339782690670574 0.217754020742039 1.44998411693381 0.235305044928056 -0.0543191919137341
-0.0042154844654172 -0.127801673421963 -0.54481926166406 -3.22107231076668 -1.80564008372751 -1.88276376436054 0.386514749092835 0.312446570609498 0.127280829259837 -1.9090437469593 -1.72644244715654 -1.95511569508988
-0.545896748538677 -1.88137814332257 -1.09727806535823 -0.44265197285576 -1.6342342721405 0.618397337554849 -0.26997315212838 0.372069421006598 0.0458053877752672 0.583184204827921 -9999 1.00516360941767
-0.0630962533273977 0.866927449146298 1.45419680542626 -0.846937576367454 -0.195841236568849 -0.96250463052801 -0.465286449753941 -0.687624567714826 1.16751920298392 -0.442071133661623 -0.456949315485525 0.578014566860842
0.0781069517265798 -0.344144883599004 -0.541103915172513 0.624109608042702 0.355245204987948 -0.148410844003504 -1.4595729486928 -1.15187534159198 -0.487627786405734 -0.187404892933763 -0.180251394561138 -9999
-0.93356118563005 -0.98492202898797 -2.41008232034358 0.32970557878809 -0.529940525781831 0.342038756396012 0.427435136682049 0.874590804845432 0.683727500916553 -0.535225333440225 -0.865256745560053 -1.3979437412402
1.57062118093105 0.561892034335869 -0.798094233977715 1.43682402228783 0.58037878851712 1.76797685320709 0.975420528647387 0.787572699180509 1.0915383747229 -0.210675426512854 -0.132834961621843 0.990472535168126
0.626243669744725 1.1346264002033 0.702572553161739 0.161184826794646 0.0103386595487737 0.690962125032141 0.856374283528663 1.05924962024948 0.702508618913763 1.04331892778944 1.07489242953088 0.768703322827024
0.224927342582218 0.708348739119038 0.685113996914248 -0.640185111406681 -0.585285071025502 0.320132825367838 -0.14447446083374 -0.794280200002745 -0.020897119969922 -0.682622055239291 0.190990090766757 -0.80168419877532
-0.1132412853989 -0.311180746196936 -1.24883207022672 0.173619338528643 -0.781214534714011 -0.482274337846944 -0.594693542666627 -0.773166693551945 -0.423363692787365 0.205248803385286 -0.0335262630968895 -9999
-0.377851967747861 -1.20001109168798 -0.905885358940358 -0.554884005973569 -0.0603890556880442 -1.18775765105956 0.630075376863071 1.38541757049609 1.30169157617848 0.957335665780173 1.39134133133676 1.8377697292784
0.970003728389112 0.882009276794665 0.888043323527021 2.47858147109221 1.41869561875041 0.500637285101317 0.553257475946491 -0.529486627301138 -0.630654631901655 1.93090984839003 2.20659489237093 1.21160208510222
-0.312327109236923 -0.315986317428608 0.63159771319722 -0.54678743048225 -0.56134264589228 -0.0548714236079683 -0.699581174840485 -0.343132576505438 -0.705900411079369 1.00964596799197 0.6820107722165 -0.206383887354237
-1.29475543069549 0.0804183623416876 -0.175424128254261 0.0602838274808072 0.767955538306522 -0.545365865841767 1.35814682451881 1.63228273993822 0.435687748234114 1.75066965024919 1.46698913964597 0.705217370119883
-1.0432116479882 -0.368374922884642 0.291712958379574 -1.17524885774607 1.74877005122255 -0.181756826221549 0.225709795292298 0.144501488580456 0.747841853413041 -0.0923348335892045 0.699109667678377 0.348528034999731
0.372470609771128 -0.420290982339994 0.00256790549286773 -0.64771962643882 -1.37756108413332 -0.293809017051463 -0.165897283888507 0.929269252377802 0.83353612591339 -0.31773569033677 0.450282068537605 -0.539189950730075
-1.56774582441145 0.0647563295421689 -1.6142292148143 -0.0288761425848928 1.30441013204774 -1.83945721992456 -0.415158170143506 -0.730310177909226 0.388112232967696 0.195687470555409 -9999 -0.0915839208125912
0.076459171070976 0.521854343041596 -0.4277381974174 -0.896069418941849 -0.357028087642505 0.177355386725609 -0.354439279185896 -0.769967676812999 -0.218116320565093 0.417831220359958 0.378112879199499 -1.15551456375371
0.703567101753598 -0.926617756639464 -0.246368994126188 -0.554907728138231 0.86343845271615 1.5491380651195 0.781072070360527 0.911773063822363 0.716119598929407 0.239454559804487 -0.889421495482816 0.0741804100386948
0.930766105415608 0.101410796396825 -0.875521669226079 -0.102800388843319 -1.63581756463809 -1.61097745186446 -1.37892177172484 -1.98392729934606 -1.23553965631873 -1.14819081044748 -9999 -2.2694014298245
-1.00839713575138 -1.06154799815154 -1.90135278121832 -0.763358391504421 -0.484498857763508 -0.341571554198509 -2.1251086315845 -2.20444468523331 -1.60333190859742 -9999 0.387139381682379 -1.19063491020007
0.565424087142091 1.09931229845209 0.842561176140486 -2.47614390216192 -0.69351519514088 0.35819074533962 -1.47285265416733 -1.88457283407744 -1.30448146890361 -0.260860855200434 0.0045516557532455 -1.05639507085219
0.885432952486397 -0.572929188415287 2.02203102742352 1.34157798543807 -1.74081416333665 0.178931740001381 -0.213503774103245 -0.636816906540849 0.109078117082008 1.17163304439084 0.128415726640339 0.782158387632535
0.756969543721049 1.12175843827082 0.613793588221757 0.568045739105765 0.237491366515669 1.45751551429036 0.839837386352401 0.621914703154878 0.799306491625757 1.22404097445075 0.790876632619909 0.66959222058087
-1.02048926076463 -0.63078487626459 -1.76579063858326 -1.06071800340643 -0.209375291898951 -0.87735359904462 -0.382128291949327 -0.624325987508002 -0.245454499925224 -9999 -0.787753446369561 -0.0901979734836126
-1.80178409279908 -0.323996079945901 0.95366040670506 -0.345002719690916 0.892641887043524 1.46813029256358 1.93035790646168 1.17480746062418 -0.455552217752918 0.242039070131913 0.169607026787128 -1.60824426786181
0.128669916935787 0.687014575216311 0.393623253859704 -0.506717457102326 1.11857941420415 1.20085801441411 0.638042121327372 1.51962305460437 0.500663883474421 1.60557088417034 2.09259244799586 3.43275376011985
-0.814899765790774 -1.5410558622768 0.893526800430662 -0.700872471117154 0.79938802351069 1.10851553281615 1.48600821564755 1.41686491704747 0.247836469660692 -0.0425141395726172 0.0162179626980073 0.175427961909754
0.604724702212841 -0.4290515517378 -0.635906001099357 -0.0443884808362092 0.535197416412638 -0.404507876517323 0.148395921770888 0.553398295116477 -0.325823449625264 0.51742403690056 0.906337286494078 0.0333258360232527
-0.371111741469304 -0.563646834064389 0.0846105851497414 -0.444410603843101 -0.564427124277837 0.496593523332818 1.97912356522969 0.692905872383823 1.40288662534811 -0.517169804308174 -1.00302447285969 -0.942054414488942
0.526434136052852 1.43755099856284 1.72266679330358 -0.127164962619448 -0.748539883110881 -0.71665559692353 0.748159115688821 0.256179152381771 1.04965630049244 0.474019605526955 0.88692877765947 0.386275969812835
2.38390532332692 1.20275436143921 2.09222656976971 1.86517195474488 2.58302334045968 1.76822808870467 2.04018147959897 1.22775584563094 1.81817922954775 1.02960302582653 0.679378809539765 1.08202527531738
-0.0524713207482643 -0.917965786983283 0.138350599030426 0.0797745865501736 -0.0972356744574874 0.38635644207143 -0.245127292289504 0.231376127098849 -0.374637695909386 -0.53541425677747 0.0600497168060967 -0.228633759754848
0.0164739833178559 -0.491030501345929 0.686592515455464 1.04259652850619 -0.362541065290206 0.568787229978968 0.131807776527294 0.69814383703037 1.55674004263652 -1.03070473360743 -1.09681237641804 0.41654068624794
-1.06110880650252 -0.754174030468981 0.0538090625932512 -0.740611294267455 -0.938049903658352 -0.848680659131168 -0.844345863393276 -1.30634801624107 -1.83272242918639 -9999 -0.283082385323602 1.15595524230009
-1.65753020914884 -2.61472985996559 -2.53115952749774 -1.38398705042876 -0.466540643484395 -1.28114131202437 -1.14816388786743 -0.983715026125312 -1.27414823251501 -0.553781940761811 -9999 -0.751123456299732
0.344227289624693 -0.454651144755419 -1.52023347791363 -0.831512913762088 -1.3236392119903 -1.69569456022334 -0.278382269623908 -0.64103561688712 -0.350134508190914 -0.019136341712452 -9999 -1.19102134843553
0.257732403109219 -1.53062682244488 1.80128856156082 1.34105449359095 0.426661069326611 0.0925930760787634 -1.46748932186215 -1.41361869804299 -0.713930689080143 0.364440342605908 -1.70178607059131 -9999
-1.25509398919363 -1.2069070006839 -0.0898258435740029 -0.34658163936894 0.371644515613269 0.557016351392194 -0.435310200533959 -0.487551316709362 -0.95297361007378 -0.625643018739356 -9999 -0.607199991179956
0.73597215579246 0.424422306475026 1.73221771564791 0.0376720731108805 0.740942575250246 1.58467524516858 -0.295546769231134 0.451581582371211 -1.1991340707588 1.35306316460314 0.999302035592455 0.26683148825792
0.607031639351416 0.769681791815615 -0.800215261416983 -1.18362860195556 0.425722237016797 -0.235391287421638 0.727888147826646 0.574595812329816 0.635283821287328 0.624840136210229 0.225239453801269 1.40659473490193
-1.14267804454475 -1.63979462356902 0.0149737086809041 -1.19972036696496 -0.408737630658772 -0.547086626944879 0.625218571179224 0.0993169222022537 -0.129743208343593 -0.272967895997903 0.068345859417376 0.557362677646738
0.719348711390327 1.5835457309363 1.0854146988772 0.601381576313919 1.1780708896506 -0.604197773290867 -1.2731651561799 -0.778063166835175 0.781404292726517 -0.92520259894289 -0.732566212479077 0.468411108153138
1.4277437988942 0.493659103908375 0.124570004416773 1.57819951678234 1.38242718893869 0.689845278009895 1.46872629306699 1.79034621125212 0.0303676072624769 -0.126214076073009 -0.582155139207238 -0.333391435906594
-0.667865352572175 0.156840382757006 -1.21234547807581 -2.35122021916822 -0.747519306472355 -0.535828088521939 -0.67961029932791 -0.0314429288440559 -0.768111532416186 -2.41514759826838 -1.9489155894492 -9999
2.13073180175799 0.465507574313897 1.35364441382515 1.45969619213582 -0.412009492788978 1.47371351864875 -0.746963291862894 0.377039037429135 -1.5837593823425 0.466777331434257 1.22995321618768 -0.46117236079797
-1.62052506892843 -1.90844927957699 -0.719227430113434 -2.54657001992038 -2.46079460282573 -1.00563078734952 0.388490484387343 -0.312697496069857 -0.228214793101877 -0.0695932003196819 -0.233391631914455 -9999
-0.582366869607837 -1.12387487958327 -0.0405784705503209 -0.690718867191738 -0.391754635140162 0.486738062937447 -0.14554993571614 -0.0955905283497904 -0.260253779913904 -0.346190573138415 -0.0813192973169292 0.490250517175331
-0.733004954663359 -0.13784359753743 -0.864023406555623 -0.202967815982218 0.870590188082256 0.0748837335562658 -0.345881024715748 -0.253480943917249 1.20518272969304 -0.726551402320689 -1.6103824229288 0.106030007194338
0.772222012990611 0.727151189078189 0.560295878444904 0.612249152628665 0.506234779971363 0.150274341469705 0.879028822493813 1.56077896792612 0.664939517047658 -1.47405038558641 -0.742112746322355 -0.501305324035038
-0.181529340027661 -0.383045991422786 0.972558051826087 -0.0510108106687848 -1.29515630356008 1.22927280024932 -1.29344675695474 -0.770125694020619 -0.347666182327635 0.173480124406983 0.570449062068783 -0.351045308934234
-0.486328660868108 -0.0166060363093242 -1.08193627191396 -1.4798202476973 -0.563459601419805 -0.506743536995715 0.523833971064377 -0.226484218547235 1.29241929404585 -1.04478978160722 -2.49616737187228 -1.25703798250834
1.44226556570744 0.675381791074455 0.120341409805661 1.22046299642674 0.914564306440987 0.890769992400756 -0.409851385582901 -0.911147717234404 -0.523088392801452 0.638065526044568 0.666496762393305 0.519956762731933
0.66778815461588 1.42840939285656 0.858405177240176 -0.442272853356591 0.0110703029597499 -1.16265668843509 0.958854608691593 1.00292180529058 0.172436521692679 0.713742435030173 -0.0358184255381906 0.674172797125073
-0.558859886216884 -0.282798985071351 0.394274020579996 -0.128705326173291 0.434059372667434 0.626264882441002 1.17215889080728 0.784161077192737 0.627272786639375 0.135176273894502 -0.112345626496844 0.625251543795132
1.13872180635094 0.548940880344633 0.0570894760876315 0.513149336987617 1.25649321519289 0.496903123801553 -0.305239089100056 0.111916057626073 -0.763507326034851 0.447220427528248 0.413993977799217 0.0359646234772933
-0.0284891595607313 -0.12841475601602 -0.41085750525258 0.240232997933344 0.830694162542948 -0.0684580129602659 -0.468901641390619 0.266855964189731 -0.208117100230936 -0.57390098405455 0.0503906188347448 0.241935965084568
-0.302723003006174 -0.38921084345246 0.612719856968935 -0.306872231244119 -1.69864356461132 -0.524716506177143 -0.563691023584439 -1.10386749095861 -0.935221270657325 -1.18976462070933 -9999 -2.23147061636668
0.683615608465338 0.29729685901999 1.12091832286039 0.541342991546666 0.920079118167643 0.310284383247524 1.85479571961563 0.429335068641266 1.31889600824783 -0.431579303301541 0.221868813919095 0.394393711802397
-0.521879997692907 -1.30052081460105 -0.175619184344055 0.114421388743708 0.197926226762149 1.86796401521371 -0.695475405171799 -0.47423102032789 -1.53620009126225 -9999 0.322386645585174 -0.315865418450126
-0.120757314210904 -0.136526716429653 1.71965712137946 0.769194951188595 -1.32324480172343 0.497900806377724 1.49404130649157 1.31771017326645 0.898204253126254 0.48223320700415 0.00523391473353396 1.02683237879746
1.52730969814248 3.04687849072999 -0.419890206247318 1.33628327935648 1.6249203036368 0.903052116720717 1.43041815098857 1.73469448911207 1.69929529642717 1.54543012136103 2.32527084466525 1.25166909834167
0.0802332928989474 0.284441076913038 0.932957928992545 0.714530570956312 -0.413662167065575 -0.584139582278113 0.163734397366237 1.00472141255753 0.893912984058804 1.127285645201 1.48560800505355 -0.248415464520921
0.843432318057593 0.569525037069884 0.929996481992153 0.506244304202309 1.96467333815974 0.0649004886011648 0.998517483893082 1.48502719641862 0.834229601990729 -1.04319355632381 -1.01430247106991 1.01321823492102
-0.155802467158269 0.551433285671054 0.0959953843654644 0.501490590683122 1.61478765711439 1.87659814032015 -0.157257210911999 -0.219100169368662 0.156776351167358 -1.0709784449276 -0.779932341423512 -0.626675955076929
0.460143107995128 0.112455433241023 0.294088993600012 -0.394689561889494 0.675518399587084 -0.513839638346531 0.584493299919938 0.553238217878182 0.0245537625668244 0.389991203270086 -0.594464215827167 -1.6741640493629
0.440706234197061 0.553364537997327 0.586471266800563 0.629677882093671 1.09415613821447 -1.21928947906501 -0.595903031824042 0.0692197225888508 -0.436498375641005 -0.0306387991120863 0.362020082521274 -0.574277474882665
1.55907280060907 0.937411159774746 1.32116009026108 -0.696122768998582 1.16039588813661 0.499022263280167 -1.50056941577289 -0.892104447473995 -1.70347050330004 0.74632027586751 2.38226833574011 0.37850862180541
-0.29605893948107 -1.11917834553172 -1.39391107583143 -0.397041319070827 -0.416096058372323 -0.83603614590879 0.727153880258041 1.12655583962834 0.552009479104306 -0.129863510218552 0.0242242797839837 -0.520305082558557
-0.275973258573931 0.417843450921174 1.03058537046169 -0.0185283425708783 -0.748082837959946 -0.0162440801696716 0.444327162878818 0.556057743199373 0.148633660629585 -1.16138593801105 -0.0270666981957931 -0.614100311708311
-0.713493636633316 0.168971797972462 0.561639993252733 0.236185990807921 0.757934558776457 0.30588954954709 0.323581123567438 0.118462609191733 -0.711460822138701 0.133339026538195 1.30574218048748 -1.63373929113917
1.21505632185975 2.54827260802352 1.65377060560042 0.875907665434091 2.00688282078576 0.760831520820345 0.0273670125304721 0.685213367286106 0.61609796055159 0.429361556825893 1.36402006027385 1.32248243862503
0.197720796620017 0.000825087029421939 -1.40367201916593 -0.387436058094895 0.549570733508004 -0.337542284704463 1.0619890147964 0.840498591742821 1.15862252715274 1.45160859484697 1.31377139937684 0.286780673147906
0.218637221739264 0.562641299842817 -0.931044686930636 1.27073036365454 0.510002742873551 0.780193575472589 0.90016693815729 0.649344564518984 1.30552487968105 0.357512101305111 0.257745344686521 -0.283990750419678
-0.496729648742202 -0.429222381767149 -0.568695212213073 -1.06208221813368 0.533640791360263 0.446195500340403 0.0647930155787989 0.384185501545247 0.58672406768272 -0.110747578692287 -0.404080864777041 -0.380446092731138
-0.64791009470882 -0.141689278362672 -0.723408251852601 -0.0537794684346247 0.596095557555497 0.324771359165731 0.330651204612065 -0.523089206126255 0.183378923368559 1.41474550847862 -0.0810861382277819 1.3459662542463
-0.656630092632844 -0.428506127604133 0.0164881860317128 -0.748353128359736 -0.9579487623386 -1.55872133335356 -0.0477008319335594 0.0787602808484742 0.757158326811051 -1.69951597979541 -2.20598561258694 -1.73813462654401
-0.974540654619957 0.294304724016681 -2.42811414487079 -1.32404307720567 -0.320798175375695 -0.615582776238832 -0.402355581452754 -1.20720372630918 -1.26290664968211 0.982851050747813 -9999 -0.507466697303552
0.785040066221529 2.03913500003263 0.0927455545475774 -0.567436211027137 0.0140214754185654 1.04531681748367 0.767975415463622 -0.312187463530033 -0.122537327238551 -0.808583572641554 -1.57392397952815 -1.53925143404899
-0.934371450174681 -0.597387418999783 -2.00700785318647 0.551285127222642 -0.410012867299554 -2.12438595090875 -3.11812711084734 -2.3368580952693 -1.88782811024645 -1.29815107998749 -9999 0.457663463209336
0.10918414758406 0.429649221514385 -0.209297479653884 0.400421034522244 0.162870904534273 0.346964703538832 1.79329838438126 0.922845229814137 1.06875303482129 1.35438953706317 0.799443571296339 1.78417125129704
-1.30385496994475 -0.654452973663857 -0.724315067624141 -0.574156058814414 -1.24721452939129 -0.685819598274195 -2.08916551108283 -1.70872359036885 -2.94120773800751 -9999 -1.40887345044562 -1.85640602671018
1.9136474092555 0.719389557049389 0.445426295106416 -0.41732553622734 0.0236065653333191 -1.17517902476949 -0.365131018294988 -0.640106167465614 -0.889970812364498 0.61967786938756 0.807984747870572 0.59291944223557
-0.412802594182826 -0.438006596444383 0.262263542142271 1.65246948476509 0.669765684021212 1.27657423445288 -2.1656318720268 -2.18039172457429 -1.95742542259131 0.277464374416489 0.552516744606667 -9999
0.471999316449885 -0.491128643756707 0.577460981040515 1.42189028774395 0.949138776880364 0.721353170950162 -1.32203843072059 -1.99433165479518 -1.24133582905945 0.363074848616536 0.190699939643484 -9999
0.750415529109635 -0.816160819891568 -0.891105172370481 1.51654277028135 0.806510217699926 -0.30030870115502 -0.262922366173734 0.479496756048581 0.0260704754503297 0.0665423025130207 -0.303869431282542 0.274977064231465
-0.39336960244714 1.06177997986607 0.668655494010845 -0.60250210772258 -0.871095490121158 -1.12300040631258 -0.256853777563131 -1.21590410900394 -0.28477649229192 0.123918068999248 -1.09016833772178 -0.350942218157967
-1.13100396639767 -0.174457688163655 0.329070639163896 -0.341425021759297 0.858175455614381 0.331635991041876 0.231621351369214 0.890977491583196 2.09331510104404 1.14834158756169 1.56072628073138 1.73831981368302
-2.01450449897621 -2.94998680284687 -2.11717267640367 -0.563428554593576 0.0398965070355117 0.133923965476119 -1.58970000868169 -1.54072124779502 -0.426023419575562 -0.738140025375886 -9999 -0.739785119641006
0.654981517327057 0.588720157400759 0.0426397482473696 -0.268722975020478 -0.678281001654955 -2.533058672928 -0.454715905736843 -0.417134320841157 -0.0474875669250999 -0.0798621791943484 -0.214450676186687 0.518494679165688
0.728060983829619 0.713377213521116 0.350670541697708 0.64779574297573 0.360800647435615 1.88723770920634 1.42704104766265 1.11949812389597 1.18525253894863 2.11014006208371 0.701641915964995 1.01807455591372
0.449549977343291 -0.00882300159172678 -0.571758574585508 -0.340305728314074 -1.54481150912456 -0.392102948612824 0.120643537343107 0.44961602784339 -0.288206551997718 1.19379356372989 0.405643995965271 -0.309356690200673
-0.67764554249598 -1.26147175470035 0.8299244283244 -2.38647750355001 -0.510739711722709 -1.16272182405409 -2.37377756828131 -3.46070971422211 -2.43214141178841 0.0260924884760821 -0.868797987924684 -9999
0.0735137684095333 0.676005277712544 -1.09101669130019 -0.828819926005317 -1.48192693008525 -1.53178668098326 0.764138623974077 -0.294563870962136 0.55507790564448 0.240463766975561 -0.936679019360298 0.283731507481297
1.06995691445266 0.609856058255972 0.320317974423625 -0.135509514659228 -0.782338744199867 0.857525477674081 -1.26367992108334 -1.11123076974898 -0.258052553112211 0.0410081105325086 0.297865244189363 -0.233600420373116
0.706836981117473 1.1307406037319 0.395749047875664 1.55449493149149 0.575233651151368 1.83902391768991 0.839169398170589 0.972029157921652 0.444521695476238 -0.653785594013141 0.501166106380452 0.0287661296100457
-0.659013461533046 0.093321348785828 1.10426073577565 1.63766654514289 1.48457902670966 0.935552562484192 0.430380664425097 0.365897701315443 -0.201177215419307 -1.18635572030889 0.132125426410138 -1.66824397536367
0.662882045194903 0.471038965788308 -0.0236398997531938 -0.591843050668456 0.0415637764043704 -0.606702165215242 -0.133297470025497 0.103352976808596 0.664721212685025 0.696464218951199 0.654202416245977 0.507783567921839
-0.388602977785109 0.0653187888968219 0.406074111985957 -0.309291288354463 -0.220582218850562 -0.633756937782106 -0.926462863301687 -1.72783723179711 0.545182572995829 0.611890128407143 -0.13417845809749 0.621273115247634
-1.27487352165835 -0.221524672439145 -0.0657689951291712 -1.91966066359587 0.0472185496260378 0.48267194027506 -2.2848742040604 -2.24875712178547 -2.38733889328909 -9999 -0.0416593692346734 0.0977615547076405
-0.456686904269447 -0.739229234669068 -0.195167420115483 -1.18253392802322 -1.30008604184253 1.78222993647135 0.211279104383677 0.962123199349258 0.533854855995632 -1.5913313670989 0.0579600150244723 -0.15423947732378
-0.386233952044438 -0.318138601178468 0.652148419037376 -0.255824166014847 0.573650628265187 0.282388416180381 0.187534996800318 -0.155810789237555 0.523552434284747 -1.0913902244229 -0.829961928104408 -0.867521101693664
1.06226144577198 0.257524038034801 -0.381085881703713 -0.595566635901307 -0.331308878861212 -0.764051837888832 -0.238614654388792 0.38670024112676 1.48162689214435 0.343957227538887 0.475338098133252 1.00607454855912
-2.35970430188057 -1.79488506674574 -2.21970912288594 -0.867751345013665 -2.66120817037435 -2.45065300729298 -0.79639745772414 -1.12514774414438 -1.19685670659953 -0.794839652100376 -9999 -0.784776291328418
0.356939556021047 -1.09174546462252 -0.840890243310833 0.220809136678374 -2.21891707689676 -1.24030156354331 -0.288394155133861 0.850425166491979 1.1563598971015 0.245823613664076 0.69815735112548 0.959008708063864
-0.183211454970005 -1.57240317082381 0.239861310871815 0.138227257799307 0.852813237941008 1.35690980903785 1.24637665871127 0.907025269053802 1.04778389064512 -0.323548220778917 -0.231403608014204 1.14048829610456
-0.355088278082591 -0.500339815469674 -0.79448523327378 0.443791947628156 0.814205025975956 0.679750833919869 0.383372516344027 0.881144827300569 2.53661379910924 -0.783356388310967 -0.969634660056159 -0.0396471237040366
0.330610950110935 -0.0526556615085161 0.704156133327533 -0.0307151712171951 1.27056942123101 1.83064695743787 0.755373274479985 0.195309526956984 0.954535086160525 1.35997871881136 1.27807552925316 1.11881411833386
-0.0170623817901929 1.13781683310904 0.0685695943818186 -0.262973471976404 -1.50662364592743 -1.66291311887759 -1.07658434799532 -1.3878367906037 0.636916948879768 -2.07508624428924 -1.10380474544462 -0.806331864035629
-0.59092576230729 -1.53366440618388 -0.245902033909701 0.821028413166263 -0.266843876174893 -0.83730484368831 -0.493736566353013 -0.715958968211143 -0.0105826248731781 -0.265234641221076 -9999 -1.51363795891064
0.522965780275129 0.949901737540341 -1.12830910960929 0.825215087792484 -0.407543040969168 0.333807983022432 0.765444548885613 0.580093666913258 0.755669803596071 -0.0535750126183714 0.590951760221897 1.84556988562091
-0.289196033113482 0.548706878940602 -0.102259100409077 0.223690235095874 -0.149912289277484 -0.900717282468568 -0.0603968420244479 0.0335495855733866 1.13255953893804 0.91067444480817 1.0115990236613 1.27666516549032
-0.275693058704627 0.580431086333426 0.656653671287785 0.0760054947568449 -0.550624992600479 -0.426601448621421 0.0171394677731651 0.299564925981074 -0.419489625308682 -1.0157617406657 -1.89395583628448 -1.23045653717215
0.169333675310274 0.00154887570521212 1.88506346924552 0.196463462118908 1.11151259843567 2.30946352428233 -0.762909052609373 -1.25915688706032 0.343757378273252 0.749134675493291 1.41242230783261 1.75778815642232
1.32070912840038 1.159483630468 -0.06833486750861 -0.0414448620026564 1.42917142580188 0.330551029599103 -0.932177923849087 -0.872792869599559 -1.19607178383391 0.251702773159869 0.847315160503389 0.427786964160471
0.615229556337592 0.82304858914987 -0.167111634996468 1.16940322240192 0.66296296360681 0.930441394009444 -0.609725000970259 -0.481119357686607 -0.441021990701701 0.836854556289217 1.68748717701801 -0.888341226089958
-0.0909369654858873 -0.376977405038689 -1.83815136726636 -0.0146416861330405 0.435287121913073 -0.930444794128989 -0.937460734140704 -0.0193200329185056 -0.230529917464865 -9999 0.225815313934709 0.310478714636498
0.591270239578608 -0.181347211735508 0.643290800912543 -0.408201826843764 0.0640482170593228 -1.1023089334993 -0.299687868961676 0.188077812343993 1.43153608058648 0.46582512255508 1.09803869861771 -0.262987934788142
-1.1917263322466 0.128065928078909 -0.0440625885546481 -0.0926113696066137 -0.624754776898209 0.416870958271308 0.562774578632288 0.44806165660512 0.0853925095970155 0.51141772164724 -0.0891820600938018 -0.522724877563496
-0.246685725827108 0.489869471829063 1.20833975159539 0.477571493253467 0.318993275065837 1.42061806939758 -0.903760250953927 -1.21319549174025 -1.22776509306882 1.17453960162053 0.905794424857089 0.263847192158521
0.318597267141755 0.155765069666858 1.27882419325068 -0.945336292190579 -1.44180422792036 -0.735895691038498 -0.655897274236177 -0.232933938340893 -1.23495123648085 -0.688210376760137 -0.402175789961003 -0.966630986167225
0.554937723754446 0.633221410711085 0.896614645699993 -0.705930630847086 -0.1815232783542 0.979656984712422 -0.386535956117781 -0.310867736201955 0.0203534433159514 -1.60226522896603 -1.39212303459828 -1.60627483603724
-1.27988876237894 -0.0667397573447697 -0.401297946291956 0.0245189988298721 0.378848101367401 1.19061937718864 0.77044514009053 -0.0743436458489063 0.227517620533808 -0.989000916757061 -0.851159124872782 0.297085710271753
0.0335975268864008 1.11665465407145 -0.440275843477698 -1.41498949245517 0.928418830949798 0.704244680712562 -0.678217428706483 -0.701808307571755 -1.73237378387615 1.23930984600981 0.398091980249904 -0.219269444134383
-1.21415888297728 -0.2977799189359 0.0623855474411636 -1.8639083964317 -1.67573486748692 0.539206207804899 -0.289768852111586 -1.18523891326814 -0.573337956455733 -9999 -1.46802224518622 -1.03961497640218
-0.0321747693817118 -1.16657840272171 -2.42813468062011 0.0535152143200835 0.552544833541334 -0.75412485627131 0.687437609684614 0.0887759596131464 0.354418258210874 -0.6271324013374 -1.36254382793304 1.28076245723135
1.17728306292719 1.18404943885099 1.13270369782738 1.29727608398117 0.838339868392093 1.42348315237037 -0.0327865398551782 -0.503642092589892 1.19949513433235 1.40545663250475 0.220308592497804 1.20557496279211
-0.0149536542361925 1.20386410229707 0.658014909898134 -1.99215335126292 0.567879616999246 -0.237551628733562 0.428933865839928 0.400850818966292 -0.0883152593180501 1.62685772975019 1.29017838042519 0.999714387017998
0.412393346640462 -0.7212061657109 -1.20164710055872 0.338196572033473 0.605962678477985 0.787407259676214 0.738866856178037 0.289883933701603 -0.235072526314215 0.812552568502037 1.4800634467012 -1.22690360140651
-1.31963059541833 -0.995030275743885 -0.0184005654173904 -1.27755445986908 -0.0747316424132726 0.738354917284322 -0.165121065808459 -0.36688180324319 -1.03864771135244 0.934696310507163 0.386614745165267 -9999
0.163456480381511 -0.591357810110334 0.0861333737026467 -1.58803936014993 -1.20673766139204 0.127119187030401 -1.48470699309725 -1.98698766197902 -0.802067036851223 -0.210249758560973 0.509236336514727 -9999
-0.535082384476523 0.767721515307103 -0.288237486681112 0.383428059931502 -0.437888738568762 0.242790097094014 0.966753929300942 -0.161216031220176 -0.152648546097005 -0.859641350147308 -1.26284549676191 -1.57814810451543
-0.144409699169126 0.34040247591199 0.659824210693275 -0.137141132439037 0.17079187575217 0.838883248747528 0.347751981842938 0.244437783693289 0.857430281601116 0.333761710315729 -0.0807696463016327 0.753344621174827
-1.26035802895732 -0.326609707456898 -1.65968320692312 1.26646949101718 -0.440571266069823 -0.709789286214926 0.83278619727619 0.908543664643914 1.05640232794107 -0.56431538965431 0.106036876552247 -0.806806715118064
1.95798002129461 1.04016543256428 1.19934006964758 0.811948073631117 0.906149394745484 -0.333263408311075 0.827386110482102 0.193935616382654 0.375882492786719 1.61013034237745 0.763744527393215 0.120050639741742
-0.537557140184528 -0.921542796761994 -0.446174873594076 0.37943974801995 -0.0644843339077745 -0.0791694128013782 -0.0554539226004364 0.0880643835574646 -0.200173567747079 -1.89949444557545 -2.40126453250187 -1.8573097134287
-0.205998274490181 -0.213204890897251 0.660779988928463 -1.58136074517457 -1.43551731107728 -0.598132660792785 -0.347775139523546 0.660752649181569 0.257075693575148 -0.477907395891832 0.689399491315322 -0.299482797617505
1.11148174666696 1.70938294770009 1.35888797098994 0.461342462360769 -0.720767667792376 1.4392727249087 0.555612787959261 0.303343961427094 1.18710867712003 0.634078574206587 0.799617455047757 0.970005220054374
-0.292561782055214 -0.677584244934562 -0.354336011073372 -1.89263815434143 -1.98256729483642 0.470238641265351 0.210177197078479 0.280015138525787 -0.331620341503026 0.314786992724697 0.051264408311735 -0.733794870006821
-0.067461902996671 -2.36023909544062 0.18209353379669 0.939015754676309 -0.59565824112536 0.943002659539292 0.169919491001026 0.276772894056697 -0.436979659159894 -0.610305797972139 -0.732271135732948 -1.31816917263818
-1.28519761668243 -1.64497708727717 -1.9428276667656 0.844565051533921 -0.563336417825322 -0.84700262101354 -0.124916139631014 -0.338799530554437 0.736825037882099 -9999 0.087658613127253 0.176403214153987
