-0.857476776912117 1.09460936876439 -0.666826468387142 -0.312660580178675 0.0512098724513301 3.3757151184373 1.86073844282326 1.41630803223937 0.654323102893979 1.01312376501978 -1.09649147413092 -0.112459036658574
2.2347569593413 4.01073064695657 3.55619790479726 -1.66056520230809 0.201711449327093 -0.405972436469437 0.874441290949273 1.34781179901058 0.858384410308108 1.53554071139773 -1.06359598386901 2.76712294168793
3.20534350439911 -0.991343649021577 -2.1660910221014 -3.82640360773532 -4.1799212573495 -3.55353236888938 0.0446616413206429 2.35444644634138 -0.298654462500608 -2.6105368217186 2.66583658942876 0.0711635426418888
0.303639941791092 0.744138654110775 1.05753032233229 0.887318998440459 -0.444107291902241 -0.382894407571519 2.20791656480283 3.42843888590238 1.66074139788705 -3.42140803972275 0.437285435678389 -0.128997183324935
3.20612968424138 2.13223356293808 1.09548164268695 1.35875169340393 4.15498848750545 1.87241999695294 -0.542206402650518 -3.61813981928738 1.10624910220581 -2.73221077714122 -2.34572410905728 1.29709463836168
1.72057604535496 1.48112787994181 0.220583011723357 -4.29197427893521 -2.61711850294183 -0.691093852701956 -4.93438967153126 -3.40783384662138 -3.30397204499125 -1.70034060702672 -1.13728453189915 -0.757741923802917
-1.41826960447032 -1.10428795473105 0.633752372357841 -1.56349539132232 0.562471877948805 -0.452046544905097 2.28288452376899 -0.342783338092198 0.112073901426608 1.24229668823582 -1.10013320402134 -0.363108313908956
-0.130795041272832 1.47992430628687 0.933268757235281 2.0580811079142 0.88436151139549 2.27660829804528 2.44496027312052 2.36354603731333 1.44608432267825 -1.75188638712926 0.29548430324318 -0.829738461500367
3.45709650233169 1.411882336621 1.90546773790096 -0.525223449840029 -0.474879904944964 1.9766477023367 0.284739765642537 3.05669035578833 1.4554393448587 -0.776555665519092 -1.69377787590958 1.01168505663941
1.17673722563789 1.30341820618001 0.813956403391846 -1.29845887917953 1.98659742492026 -2.17726104629486 0.105378218347518 0.732873509079209 0.0113163029685006 0.562197314720913 1.4285828082203 0.73699208747074
0.454842105785946 0.964991898557445 2.1565218923213 0.620403317936892 1.81818371048924 -1.63866283742702 2.72454682771214 3.71768150747389 -0.335180187796593 -0.383325445895644 -0.77348622683566 0.56985053581012
-4.74623372408073 -1.67765960448204 -2.91770407312979 -3.85185690207371 -1.91112687663723 -2.1812598197916 -0.27093423093693 1.06094854738875 1.40925696778098 1.65572829734235 0.812134832189239 1.4996538334865
-2.75007771851739 -0.536026166639297 -1.4446790275149 0.368771060137639 -0.221094153534886 -1.77130457620351 -1.34271372108933 -2.3456927127833 -1.52198660609398 -0.862659512842258 -0.228316989897257 -2.47919557926576
-4.7719251874183 -1.75047991259103 -1.78752024594669 -5.45978915592669 -1.50434912830612 0.0545879814386077 -7.65920864877748 -5.61590250903703 -4.08678260746917 -4.41468619776457 -5.87714750574227 -5.13873367618171
2.99811729998214 4.32254752706319 -0.282565529603579 2.82180083269151 4.54851596516702 0.243191044884647 2.0511101068718 0.0690816746064218 0.306113757197082 1.5606083439467 0.293097961387077 2.08582752145443
0.0358705774724351 1.90692543343053 -0.742124710384063 -1.42787203334312 -1.80452251031394 -2.07443659556644 1.01668779476415 1.18029478007402 0.778642070311955 -1.95691853445992 -3.58601527186908 -3.14393973336175
-1.50680150867885 2.05872201139017 -2.31882191977853 -1.22692566832559 -2.48511346670436 1.75141210448283 1.63659196992027 -0.087714829212816 1.96802819935802 -2.71188021834304 -3.93769008810184 0.614936134891828
-0.138937071989368 -3.54978339123907 1.24961665944573 0.933748084164461 -0.378509196636363 1.55438384076587 -2.61162316831632 -2.32039004539698 -1.66759752347031 -0.955614510516013 -1.92228100279478 -2.121129816394
1.09708934478013 1.32094347837523 1.13569466984564 -0.0746100198094759 1.62427493580731 3.13887236342154 -1.83492435002666 -1.47900957165081 -4.11341206076104 1.83036641246858 1.99680117260265 -0.14198269748917
0.749462454655015 2.16551698901698 -0.812530998454112 0.405927822245886 2.12495855270103 0.542183400265856 2.3350353344478 3.45340453348653 1.88881975906393 1.36757725251592 0.559363182965243 1.89836832800091
-1.33695927340012 -0.169010146667989 0.631016398490736 1.32748155652436 -0.616088702996456 1.64299239545178 2.99372432524051 3.46746174970759 1.37945604949624 3.16653043620001 3.52339129122795 2.96787927981959
-0.596982831704105 -1.2757255977647 1.15102659435627 0.657981626915773 0.923520009799525 0.822348526363287 2.0923009512288 1.56052290905842 -0.798620086450546 1.13347468217534 2.66067992416111 -2.18995912551124
0.636929377398664 -0.530130665602048 -0.107736922731526 -2.48920521341058 -0.419416225164968 -0.789198883588049 1.19762574974696 1.9696018371327 4.16257047885466 -3.35505678263768 -2.67749495178977 -1.48951206188614
-0.804930527776058 1.16222093603677 1.4265924976529 0.817715957686464 0.16412724625498 -0.02594537458914 -3.47433442309247 -3.47522278151586 -4.46823967955635 -0.707860557348154 -1.72241614466875 -4.50955611034105
-1.68242439467814 -1.37156004425051 1.77708655507398 2.81969899555113 1.74426322240757 2.24834384400403 -6.97026804705461 -7.39151383904004 -5.478184631618 -1.35402579081653 0.373156034393264 0.00594071737584184
2.40950559640519 1.46772944135456 1.68029491036976 -0.523116792987129 2.05824607270862 -0.373194412847958 1.65638390992331 2.3688568632893 0.506685129622408 1.32173875683292 2.30596396153373 0.202749505742534
0.3259889731368 3.33229328229191 1.40893131469775 0.703747040752675 1.19520450272542 1.32778672898055 3.57659406972315 3.39296640677618 1.96735893554811 6.19085136396292 3.27964115602869 2.1181215958287
-1.7272739832733 -2.81690299512969 -1.34151345739938 -3.05364431429853 0.0471959119841601 -2.81191942894207 0.106433568414266 -2.12543421748559 1.35000263603394 -0.843798425039526 -1.95673712022288 -0.350817554982101
0.727358602722358 3.03210484655917 -0.023354896125841 2.73784441008615 3.74637357117451 -0.363998418431056 1.53637075350805 4.16861858082193 3.31637974664464 1.56679522915079 3.69454599643864 2.15595961354273
0.952897343822819 -0.753694580901623 -1.84692228288079 0.885353265214705 2.00697581622109 1.17571669674195 -1.26088649304647 -3.36788224373418 -3.40684379830096 -2.06693396714579 -0.686047178794517 -0.417269668213638
-0.0490318239967314 -0.376618275629671 -0.519303473355501 1.82312866146423 1.48939200669373 -1.30157558026589 1.09290559998847 -1.01565472402774 -1.96868682002661 -2.88901452863875 -0.999136370672757 -2.79830099798502
2.10381387893191 3.76706150796226 2.12334041339193 -1.27581288973906 0.881129397334007 0.863863737176549 1.50613499323862 0.956711199649736 -0.0307591872760862 -0.547806628129557 0.692471656632592 1.04946139398932
0.588153342087119 -0.80706179606179 0.46041077385677 3.4392069318782 2.46398077271929 0.40890972392069 1.87624573360516 2.79033627569552 0.666248290958958 -2.26264038896991 0.870002227839272 0.102376693056229
-2.29492555128695 0.0265635724918996 -1.08332429217127 -0.0751799701049647 -0.934007503922724 -0.174261652678399 3.1491587133729 -2.72121338862307 0.915929560107282 -3.10590273061589 -6.88410818423422 -1.79451164770886
-2.06847359324745 0.52964415583094 2.23609816917809 0.128149488073592 1.85263779795631 0.396814935824372 2.36280055146166 0.702112005539167 1.51687904790832 2.68412588864139 0.858037105624623 1.65773895293462
-0.963427334439381 1.28314204195971 -3.13385775665834 -0.130511714468377 4.50111472456399 -0.559582262938824 -1.36142730276097 0.294482548378302 -0.75333112427984 0.171879074580049 -1.90597379412419 -1.11907692340803
-1.80015060549298 1.18627717157479 -1.08520438083301 0.683403769621819 -0.245312478052842 0.663842905371967 4.03978263263938 3.28747082942031 2.97716568793585 1.58688155162125 2.64055396673422 3.01718508876093
0.350474158044532 -0.183833138214426 -0.346940844618887 -3.74894947352566 -2.03335390274444 -1.71971572127985 2.080125426711 0.687376626259096 0.305974828047115 -1.97722158488795 -2.70870062605235 -1.66934088617723
-0.915803689860874 -3.02801814807473 1.14063612642765 -1.10663895470384 -1.02416392317018 0.404593255680926 -1.75156646567869 -2.70305492591196 -1.5412214630965 -0.362616050389298 -0.506595595354654 0.380637349852331
-0.96254098293019 -0.841506933007195 -0.751605023733948 0.310101895226384 -0.397127348850793 -0.863364567792761 0.89043081476528 0.54756409822378 1.71329861515089 1.01711555150656 1.64692869563626 1.37632390609069
0.62545853056635 -0.0580263077441374 0.420441818823839 2.77197044456223 1.78715744309496 -2.12497459141005 2.46997107537908 1.22412336288332 -0.186909525617207 0.720106538252917 -0.708534811630017 -0.0480649658104771
3.62290315576932 -1.55306432795232 -1.41820882161835 2.62452216436947 1.52104968991769 1.16549192856246 0.929674980964149 0.433943420958526 1.64393073981869 1.20074165531275 2.92190851005389 3.19144610172274
-1.87555526345127 -0.828684221188032 -0.625649322400144 -0.414196658249192 1.83436388382811 -0.545334102963091 -0.327611878090501 -0.743060980172024 -1.67424899473534 -3.27479761734107 -3.75668075087038 -2.03039131448394
2.10806312762206 0.18474780272554 -2.47831817328168 -0.0781654934491876 -2.897930394151 -1.29085152219338 2.1902318611064 1.53052233845205 1.91547830196079 -0.26432519237953 1.26691975776874 0.540649608791043
0.575147653750899 1.68142884350736 1.92599169860357 -0.806047855166471 -0.978573215712096 -3.13643623892909 0.583550858717762 -0.551748505778068 -1.0738441674035 2.58352729837969 2.44967426297612 2.67135685412154
-0.755587607136572 -1.68950980922966 -0.906879597154517 0.294658104621714 -1.21485717196903 0.460976514453444 1.23128790583515 -0.766381801008414 2.03853263089804 1.65795673502151 -1.30977592476296 1.61959490586333
-0.726109983285672 0.577115484892673 -0.115172488079533 0.631318203800026 0.875238823829103 0.892989304320637 1.9291838195713 0.838392579453254 2.69303341282791 1.51208326702896 1.25240698212481 1.40248063402474
-1.94502230574329 -2.84102375886978 1.36592748727574 -0.669455460087992 0.162800875184931 -2.15670455158109 3.32754141519411 1.74149251129956 0.349998949922953 -0.765494619925497 -1.76020054840551 -3.22402671612368
0.292893789852078 -0.624093415345917 0.315428308909126 -1.68490186947674 -2.1436650266604 -1.12022973256757 -1.67327105071047 -1.28319145341166 -2.61973114979117 -2.47083067414814 -2.34691293556209 -1.00432951718674
2.73415778511865 0.244334610409038 1.67495654319873 -1.61870937939071 -0.746275035517018 0.25692184976091 -0.352440048116036 -0.808230921968186 -0.213892472185216 -3.85400888892834 -3.04764375761953 -2.10543804429867
2.16016949376202 2.71474389763461 -0.257749356271123 0.309022605571049 2.59759693788747 4.61038371502407 3.11613644467168 1.86261418036581 1.1198491496948 3.00285195417737 3.08965071713918 1.97608545289221
-0.953252438941094 -1.6935350539385 0.00510106799879073 -0.778730614180694 -1.33898960887861 0.150122481248088 -1.18537169680634 0.240788843335554 -0.324721522773797 0.586053700787716 0.789711685872317 2.605682591144
-0.0174461184388849 -0.22970874524569 0.0476524209331941 1.45687179190403 0.363999047796038 2.82700358739195 0.689121080464819 0.497174671351715 1.54867042298174 2.20281504700891 -1.15380511433125 0.319769575759114
-1.90356492843243 -3.74792752900078 -1.19583427657906 1.26525241433302 -1.17697519800537 -0.0188958175719424 -0.731192706279188 0.849365870945064 1.09691560177959 0.668462301153653 2.46968508477607 2.40143156145922
1.75667985568122 -2.3591197037582 -0.229313330717745 1.20208151824768 -0.313725517078191 0.546703307386087 -0.443532998627624 0.33976699893668 -0.372158763136389 0.602191537970613 2.17962483344298 2.3977854779005
3.11119297810685 1.00046101667798 -0.828234551490599 3.57060251118117 1.8075420029585 1.47681212686591 -0.943584924493334 1.09328951380811 -3.38088860429802 3.40523780335682 2.64405433438911 1.56164596299412
1.96990652096413 1.64010639046909 3.1581258878989 -2.80670969421884 0.0444402686704159 -2.80496121584981 -0.610483559444883 1.23326163032185 -1.16330292189442 -3.81981853319842 -4.22076025014962 -2.65010589554115
4.29754822760971 1.59227802389361 3.41045693551429 1.50988923595995 1.35964423144975 1.86807245766238 2.23025143287206 0.884394070250862 0.878309068813604 2.27332896203531 3.38336297147651 1.88787785445542
2.49044411091707 0.527915967240024 -0.211562837840698 -2.38970922872616 -0.489078770721542 -2.17096912402271 -3.34931932195525 -0.980197825913382 -1.2476797208167 0.197767966518912 2.23537528314171 -0.543482460506628
-1.34534692790789 -1.43873639148558 0.755198891499903 -1.03002019902234 -1.33239818775057 0.715129434735785 0.238585043737594 2.17049861805051 -1.18663801933062 0.137773709113368 3.4311504397187 1.40272750841192
-2.97512685025311 0.534082438931301 -1.68177913262852 0.465970702566791 0.315819490116965 1.24735836598961 0.336260329028824 0.625103141458578 0.694264005394703 2.2523385614058 0.826900469985155 0.473978409573021
0.585134968664631 -0.960833076843078 1.47624474608314 4.25005243900222 1.12087387045903 1.60492022197333 0.318707015122074 -1.64673555963037 1.50457993309804 1.71737924147959 -0.00627608874815566 -0.893411931385315
-0.0336808885345442 -0.281185591793531 -2.04589269395735 0.333588907481023 -2.80719411730751 -0.677387665476785 0.107607633586047 2.38103530424769 1.34681503346774 -1.18333483632116 0.535569463595937 -1.25164637892013
1.06770471374388 0.674988492379939 0.595558495238168 2.91462312659287 3.37986055469236 0.944671289692361 0.362736149183132 1.26510447611184 2.46780463557527 5.10764662689159 0.897832896602762 2.80633737428053
-1.37577556464943 -2.29940096987976 -2.20502278262616 -3.58575027197781 -1.80522197893673 -1.72035053827417 -1.64095303943223 -1.77397959572284 1.36808719857509 -2.91569743442438 -4.24266316867113 -0.389959533802084
-1.71891730826092 -2.53238270663492 -2.14422816770089 -2.13798640314316 -2.57033153345464 0.671284647050448 -3.27519205182639 -3.39317816331291 -2.29360315784606 1.01499498293319 0.969813866112037 -1.31028090920881
4.09818365011993 3.42740781390135 0.135074998962869 2.39998576289474 0.256181343422178 0.202412423296891 0.771801908986411 1.92872078543603 2.92482772466032 0.196497983392123 0.105029118832085 -0.179990257045067
-2.00359979745068 -3.28684195782738 -2.61683646501038 2.51093662463262 1.6762867101417 1.64924119720284 1.26527338231861 2.84473858360829 1.80094728286475 1.24971077026922 4.23345821993522 1.52190970409844
0.62762730056189 0.104872815464778 0.710350673420495 0.23788442663498 -0.461691810202446 1.13188415056162 -1.32688970552203 -1.7952336208661 1.05056428696941 0.559273566461866 0.187435239523024 2.64051996380556
0.154137772701775 0.0150069564727173 0.669375035288997 -0.474341376863171 -0.439848457110666 1.11728078318675 2.94657904138757 3.5247477183518 -0.637160057422572 -2.25158512595859 -0.87359361878522 -4.24721085977479
1.91570465635847 1.51429360938798 1.3086250032646 1.60024320156572 1.46916392134866 0.501228615932982 1.36874163010441 1.30396413625618 2.92561892773536 0.631522020789792 1.9058946003785 2.69127726530378
0.629682023404332 2.5132119173328 0.966094195374243 1.38454241790439 0.315590532933552 -1.65965674199424 0.939182274533761 -1.91149213791972 -1.86643232455342 3.00580294239471 0.661381454136093 2.62191455260304
-1.5079892643086 -0.364907434599611 -2.27226567917078 0.793571256389316 2.82831556872416 -0.0170085307525712 1.95906724928823 -0.710032884115848 2.40785075704763 0.447380225715455 1.45009517479564 1.30549138048682
-1.29051068095332 0.0264775439807573 -2.34875831239677 2.16360600802591 -0.85855348546435 -3.62519748838619 1.13504408103411 0.767771900871014 -0.853800072513329 -0.596517841492287 2.42481251311578 -1.55239196010678
0.355177078253521 -3.70125416512277 -1.75216482943174 1.34787621432869 0.336625520269309 0.56742485243494 1.04372414015119 1.97965988986087 0.225500692120151 -1.21248817028846 -1.49286195690224 -1.91088631356662
2.2007635963938 2.74858226090516 0.347571067667312 1.61880680098966 0.545437166194518 -1.85010674884337 0.864514504441293 2.43070775830663 2.71553472426598 -1.89987710918701 -1.09207811089724 -0.468025487628311
-2.9825574448801 -2.13721394861075 0.461364730691656 0.592987342502242 0.996562595663523 -0.513527830699965 0.653700135477004 2.21434006967803 0.448403354436108 -3.2292002332801 0.0929950944371352 -3.00236398540904
0.555219576270003 -0.246772448825096 0.180805596395404 1.71618951023078 0.729939079439376 1.01946376182252 1.64633753298184 1.86399642769116 1.46643376132863 -3.19002782009038 -2.47357308825159 -3.01697521957604
1.4175513551143 -1.73672886745154 0.310943655975211 -4.13030362130403 -3.94424080792598 -2.1223724780988 -5.06737081318073 -4.82504213545141 -3.53165411781485 1.39028272865093 -0.836270641841674 1.73789068524995
1.50972164293817 -2.13993190473738 -1.78119653363162 -0.653382271618275 -1.04043813983539 -2.02200025511623 2.16979876528324 -0.181327521360346 -1.75543949524034 1.50334640476677 0.060241228438079 -0.417131657578877
0.247763010775041 -0.322935165910901 0.00805942606791243 -0.45460976170945 -0.499350506481404 0.796489895436321 0.864674176732793 2.72504731136524 3.0973330869586 1.87295895018535 0.571450165897996 1.04726834302498
-0.208856227329094 0.135719142772273 0.542246521872013 -4.00738334789751 -3.7020475226615 -3.68515006942303 1.55284684830073 0.149201669335107 3.71896329540742 -6.4933086299157 -4.590866231906 -3.23752835472039
0.937926616922218 1.28202740316889 1.9762135462437 0.224114196714061 1.75053652822809 -2.15255626693279 1.41505880855733 2.4988672893997 2.01736900139578 1.15385298876473 0.664121860136856 1.77529816289935
-2.59189061662223 1.32997170515287 -1.18434666597194 1.41732672409311 1.82316860600189 -0.117200998051867 1.71444847395486 1.84861742040614 2.98451377634914 4.60354249252997 3.04026797903847 3.00824451348048
-2.96082815714748 -1.63855722887324 -3.13711512351878 -3.98896188798548 -2.76272716216502 -1.16818937628057 -1.09143807884154 -1.83145110470616 -2.41859764626825 -0.566975827480401 -1.99093139204509 -0.823100361116648
1.03039101123076 0.876452615735112 3.75098972675433 1.26605801264522 0.46721313105326 3.53750934693799 -2.55540477983523 -3.36532341994519 -2.44209534844779 -0.221537825295717 -0.105245723410904 0.604804005946834
-0.518933585583675 -0.518926706144587 -0.319283438146575 -0.649652284393451 1.64412025587442 -0.995201787146914 2.43704888618044 -0.245936193198074 0.908347178068181 -1.42241630252749 -1.71974164104214 -0.615525995910055
1.04420021329813 0.595431636968404 -0.164183444423562 1.92540047891724 0.792640293148801 -1.62999968382833 1.09147506407149 3.39243380351589 1.62178977450984 0.853218931626127 4.94785478088195 0.77202564704167
2.82821666938558 1.96737985578861 0.601338452103241 2.56924788036291 1.61763070499366 2.86512536698755 -3.19229735193716 -2.17215773033907 -1.39105182754184 1.66136095047318 -1.75788293033714 0.641186173066577
-1.15583485084383 -2.60743139961298 -1.32386355921862 0.175276351410735 0.65093405238637 1.18701672545916 0.0134493392077294 1.4307592210305 2.1851942980631 -2.47762615809937 -0.119175241040138 0.215792987047864
-0.395335443438221 -1.05935257717897 3.11886481889209 -1.62126749689883 -3.40436523672044 2.40273426663253 1.01687876746918 -2.87674282491657 -1.24130355828494 -2.98265320900419 -5.48524037327468 -3.22657107416621
-1.41102371679954 -0.347108364223281 1.66478920536746 1.65663867049367 -1.63128147054299 -0.177915059257544 1.681272619945 0.630626147792833 1.00114861660468 3.07119820924416 0.586341970657869 -1.94631296592376
-0.756957547611546 1.35435399181861 -1.08605052956071 -2.11677965926455 -0.0594350822861542 -1.76662730879333 -3.9104845968712 -4.30754860430312 -2.35802086788244 -4.34613530589148 -3.89082377197348 -2.45340708942107
-1.61283812583518 -4.07746085270422 -2.37580519855764 -4.95047956816906 -1.44525919559206 -4.04210522422305 -3.07916658933416 -0.402733875411576 -1.37042795177427 0.885975690799883 -1.96349853170625 -0.445378447393541
-0.369186701928515 1.05656763766889 1.84543029003458 2.03121820655964 2.46616403460243 2.15889750868523 1.4913182310868 0.304178654338569 2.00938767916412 1.09928442986186 1.50114022146205 0.11267744515629
3.19860597705225 0.535256776917612 1.57286609487716 0.203181086324375 -0.478900626091184 -1.49190112589931 2.75406853562304 2.78202395905853 0.93990533579329 1.16036414388882 -1.66857761145167 -1.45184148076372
-0.87039684788016 1.54238273678324 -1.30166978578059 -1.05994931423008 -0.343017156759121 -1.27745141997658 0.935348790845471 1.03712205396175 1.51977299744801 1.70000435728015 2.61911832899207 3.08127668381249
-2.00006897903904 -0.897780332277939 0.55734730618477 3.35902056731287 1.21368743605371 1.35756221006161 2.46175117309719 1.70977411652129 0.939291342932637 1.2212240806307 -0.0486803508884789 -1.471021520053
-2.04502532788281 -0.482827262444473 0.240737281255241 -1.86346390795608 -0.100810113056549 -1.04268234620453 0.142256458431784 -0.0742652368085699 0.418840581788008 0.446035328712842 -0.83989689289985 0.30142976568747
-5.41655577354399 -2.04888174701901 -0.771152606460556 -2.90913589983305 0.876045957524468 0.0573396845867968 -7.40376810970494 -5.26038618572268 -4.8787428684732 -2.63894582953347 -3.28533438246979 -0.469956610216547
-0.904096650546567 1.98702139556445 0.113482248474141 1.75966095612389 1.54397144006763 0.598730556275235 -1.76804402370107 -3.55852712692594 -1.80538574053651 -2.47268386463542 -2.20873565385084 -0.671339880128276
-2.71316925434991 -2.28111019885458 -1.41929549750051 -3.04735641789292 -0.638171950111072 0.595620636389034 2.92087162203455 0.39630955625566 1.83271672483157 -1.27734667775096 -0.795996364438536 -0.832930634754309
-0.822017310908412 -0.733239984706497 1.41530665240112 1.61355992970135 -1.13435679809853 -0.15031996534358 0.922569840474775 2.42834782878629 4.08555299642301 0.104115819803447 0.106929736977011 4.83778063858409
-1.12868654267582 -1.09094869725601 -1.52133857592136 0.525042260642802 -0.728274188963231 0.47284723834021 -0.171392429261346 0.3136635110616 -2.10147163770861 -1.90697134900319 0.217797666098714 -1.36890359502426
3.09875988692468 -0.387663040899021 2.63169566606468 -0.778870015293177 -2.39988874518391 0.318386660681367 -3.72572433835349 -3.56853808655545 -3.26757514983754 -1.30983212057741 1.34559177799485 1.30057941418355
-0.5359155077569 -0.840552536401049 0.045465133351956 -1.62022613612347 -1.11983053389797 -0.264076690264547 -5.57565009429865 -4.86379363723975 -3.12263488966215 -1.38440920187646 -1.25404714616113 -2.08395854450919
-1.18258744035704 -4.84608641783762 -0.150983905146881 -0.298095536902893 -1.53847221059239 -2.89236790393788 -0.368831760903807 1.13428692597968 -0.843991754724373 -0.148250753645406 2.30960569784277 0.885715246071633
0.416834517085001 1.60277311542191 -1.22078508857158 -1.3304058383584 0.525031957465966 -1.36549978286802 0.886099423687827 2.79965502899731 0.57248726109091 -0.0243186528430146 -1.01443337486487 -3.2429447036329
4.56374694817834 1.80012012784156 -0.02320508680197 1.64123767586651 -1.18814254483488 -1.80944044351548 2.10615355008567 5.28726979877783 4.10747144526983 2.95311829558124 2.060334055695 2.04663541430525
2.29035402583167 0.66506521979595 0.898258650514093 -3.73619004450712 -1.60949408259128 -1.57010507036677 -4.86445905050364 -5.9890024649988 -3.05897651389105 -2.42620483943193 -1.53168091243734 -0.0229396376842925
-0.029426591125218 -1.77533764596275 -0.951780746710504 0.649524743217078 -0.0781229973287499 1.52284766322324 0.524075980415524 2.24635372334244 1.29491691838706 1.20534762603106 1.84865748149192 0.344444464412179
-1.25434206515411 -1.71595076950869 -2.53810038441152 0.833006007799683 -0.354480461258492 0.685076584457476 -2.00363007299221 -0.417500249441743 -3.05008279563769 0.490161584129337 0.0973426502105409 -1.13368517952364
-3.07632900439529 -3.22355047312962 -3.14628124875782 -1.98278044434926 -5.53718085482543 -0.709656145947954 -7.23936827188005 -7.04584545159755 -4.9304410003567 -6.21668744281899 -5.41524493031836 -6.56206329039141
1.93487106368222 3.34047606796061 0.137269673772705 1.67222060999473 2.52447537489456 2.02492078781595 -1.37803833860634 -3.06832908083808 -1.84776068528675 3.43378552691018 3.72093064789604 4.34819801101931
1.23205197380549 -1.32126828170752 1.85344470169619 -0.668306489501776 -1.92497810363723 -0.610361859715705 3.69337767468013 2.94169203014885 1.96758069383751 -1.8178785952486 -1.1125526829793 -1.84484339897319
-0.179597639851523 1.50418284994126 0.129167730317352 -0.200227531493017 -1.65233517568904 2.15711122907647 2.55797758137257 3.78859209985053 -0.59182884040587 -1.00453126650373 0.467348365323323 -2.47230097294159
-1.09461474234614 -0.849962317607022 -0.421936646517289 1.88258806854278 -0.281804379407134 1.68454198582502 -0.531848231272052 0.537581504473949 2.92497954818491 -2.89646009839376 -1.09577620922543 -0.578485077692817
0.254201371665792 2.79622620024723 0.587559314578538 1.68713366053542 0.480735426918703 0.393845985297792 4.00200841159302 2.32349031873832 2.32714131619632 3.11362727725778 1.70959286885116 1.45866407896704
-0.240912835785574 -1.11149510386968 -1.41854799500607 1.36291949010515 1.17660387709596 0.0545695849456333 0.363964421389296 -1.65739940272999 -0.319937786791037 2.79567001759383 1.18724612565248 2.58358085608511
-1.54380600563633 -2.17562983219048 -0.214582247319843 -2.2686068221767 -0.45098863669608 -1.12480768411344 -1.04195790862436 -0.153831621820952 -1.55867805998094 -1.82145894880536 -0.169558322711886 -0.976853573033357
2.1557815739806 -2.9660237775083 -0.790249171783503 -0.25508983291194 -1.14711416056656 -0.730501696353651 -0.528951626889244 0.153082254661556 2.43949935417826 1.19084268273399 2.17598793694439 -0.378166166429243
-1.30566990949934 3.54302532672862 0.844944502509772 -0.980499299519486 0.0338568899246507 -2.25309407220534 2.07883402532861 1.42979339241109 1.36602868249022 2.57713834698324 1.73159130004322 2.21465024678756
-0.289100861466891 1.12581707955787 0.0211505580470637 0.946390335591725 0.00183335708464916 0.857839074533181 1.89732080106572 -0.279225485421654 2.47955661209069 1.77768451109274 1.33709172723898 2.81883687081184
0.366278863594248 0.729049465068025 0.530887946800233 0.541630721405603 0.242145564288666 2.37150993413095 -0.311837755610238 -3.04910893168196 -0.127043979102594 1.08310452451692 0.0602943823373396 2.27858277466986
-0.407888646747176 -0.532720761312759 -1.18780062857358 -0.585470827368171 0.0864858173425527 1.09522592705478 1.54365280692999 -1.24915866232788 1.22836981535167 -0.389038471464773 -0.0345144287639203 -0.229708066453503
-2.74512444996079 -2.73137672308209 -1.01173705547876 1.44914560222855 0.440555361019536 -0.479499599192641 -0.575408440765811 -0.625068601059864 -0.200702117802142 -2.99015166930541 -1.31429647574179 -2.08220084554907
0.32721208986611 0.996926788393622 1.10926605411023 1.26372512725855 1.92402455138207 3.49881185741737 1.31826356556622 1.2547751198544 2.29492651546682 2.19475086266376 0.632650309651205 1.96053828890067
-0.0254115995660615 0.905488925326694 1.64699101755618 -3.40849588367446 -1.38821191805058 -1.1702179317241 1.44405585403415 2.09056636100057 -0.651284875709512 1.89580526668054 0.80761802150916 2.26940389897761
-1.05651189371108 0.655224391390679 0.378528971362429 -1.79648748145309 -0.353403259170483 0.030845600451426 -0.797645210682583 0.930147025960866 3.09467538957755 0.265754414626839 2.10771292684745 1.52200956009501
2.02048261645526 1.9628245247317 0.531063325364918 -4.52500950910453 0.364714974348505 -1.92646123330255 1.08590453084807 1.26451937684604 0.257033188250907 0.715684058971728 2.95485844908738 1.29630559105035
-1.38465483777154 -2.80537005697647 -1.81372653425828 -2.23184258618641 -2.06796248027171 0.590978015064796 -2.24538043123854 -0.624229833565848 1.09990195115214 -1.43325613761343 -4.32370673706703 -1.2444792231801
0.513313033762169 0.018702184092721 2.72213305126045 -2.6693253571012 -0.93822720698119 1.87362428809161 2.79132574617893 0.633880300925687 1.05335435142487 -2.93045819999811 -3.70199910541898 -3.11190688857655
-2.85356381381472 -0.307822799165463 -0.108336557792113 -4.15987965977683 0.00428980232848852 0.585378868747824 1.69515949379177 2.4139460034153 1.80109886528801 -2.87789608493801 -4.06486693715847 -3.71160080415496
1.77885924619119 1.02155832667769 -0.0424907338369827 -0.625782864493163 -0.0106645347393743 2.01066297868023 -0.538090270327374 -0.305405931207862 -0.101774505683616 3.86352596745174 4.03307568496466 1.75762662606463
1.60866831571037 1.33026855212078 -2.6378799928183 -0.766217456906349 -2.14562255816746 -2.01694470527987 3.20889689025408 3.19363039380818 1.24136012277361 0.0533443977916661 1.61864248311855 -0.529313276539938
1.59117211221375 1.25581255176728 1.27055283511723 -1.55198274027341 0.123640383262054 0.263017796499358 -0.0662182074876583 -1.97913453993778 1.47226537447365 0.345762015788979 0.585907536620453 0.249459053248455
0.953847139054253 2.31340224756765 2.4946914556956 1.4795627614496 0.321666253084031 1.23899468524052 1.02642742841365 2.0522983566969 1.10842884180502 -3.19937430306809 -0.44832328376511 -2.33455110063966
1.90750370964528 0.355420731413762 -1.52063654390963 3.8509038690738 3.80250712956065 0.899652952960414 2.54073303420007 1.17304075251702 -0.154841959886215 0.605503962552278 1.31215969649772 1.09638895152818
1.74882145646862 2.45529132618674 2.94350103976138 2.21952424986517 2.06824221150221 1.19619420767002 1.21906599805518 2.18718384158088 0.944754609621456 1.88627070323753 3.42938944452884 2.55456487799641
1.37239900174148 -0.329931936838478 -1.10466698685642 -3.25421459515567 -2.83667826846116 -4.22193406685194 2.84700870705531 0.162048618709991 1.71494458285087 -0.884775865284061 -0.89000705861611 -1.43482268832648
-0.8641480924266 1.26838477645925 0.0848607148990033 0.130404623801226 -2.75007231149721 -1.62805616906618 -3.50967699064906 -2.88047251049572 -3.83958925645551 -5.01362613874467 -3.39416318219564 -4.06987878102369
2.57875495676383 2.24461690863339 3.10602773537636 0.975020724333225 2.07551340564884 1.01903138054577 3.89983946958447 3.30692008088107 1.50605045888929 0.401147946550467 2.09867774065398 4.39971881836093
-1.15559122467621 0.303843356961815 -2.21493868740629 2.00585529396366 -0.458775991180197 -2.44963895980017 -0.531444162050161 -0.963896828438931 0.841713957834098 0.767394705065209 0.143820906079293 1.91180196499632
3.75381055842393 1.42606812765678 1.77058306624647 2.34340494624372 3.89076682944093 1.4604528076109 -2.36666212411347 -2.7297009501875 -3.04718938865984 1.66819383851322 0.667201287349373 0.315125300085061
1.14221796321854 0.162863173511028 1.46761612136308 -0.299390606521092 1.14305032893673 2.35445002319793 2.70489328975852 0.962286083055851 1.59607362235742 0.821726292591922 -2.94439674881708 -0.949733409609548
-0.894264822401112 0.575527366271639 -1.41223015932164 -0.449533792427496 -0.851498676135801 0.695535191764108 -2.28620971623912 -3.89379477136872 -3.03032607082009 -0.386120000586484 0.280980642550513 0.783232188268518
1.60997345396226 1.39406343421205 1.84520463122114 0.136543845124025 -2.82640892823352 -2.62593879146969 0.259970066298024 -1.46357230289815 -3.02235296594559 -4.82537885480637 -4.05613068056609 -2.01523775019774
0.219206675682311 -0.215454263862375 1.4309548344044 3.07579754850559 1.21186688852156 0.509609027135996 -0.200469854776289 2.95127363360342 2.60184222537853 1.29125648216553 0.168132303654896 0.302100061311447
-0.708266077422105 0.432602634502239 -1.50827286053345 1.00533629065207 -0.819767445264868 -1.82526246367527 2.10833554446391 2.11306860825506 -0.851618283706516 0.442006480029344 2.10277469971 0.104967026141997
-0.0501222530632548 2.15720315490407 -0.876299139640057 1.72554000264961 3.88293732694069 0.621003567892085 -4.81660305486561 -0.468840429272345 -2.21983695736334 2.250983166417 2.62123498306697 2.08179763887269
0.433180883536895 -3.21356962559474 1.10773411145393 2.49601013241009 -0.543272768433391 4.57311881488274 -0.593382295086692 0.374126680783349 -0.561163689354838 2.26667909493153 0.288625584512821 -0.706772663967605
1.07780045906739 2.65444526760586 0.720300034931479 0.960515176735564 1.44952284636026 0.309687180196567 2.48957959540912 2.5697602517992 2.96747320269926 -1.1012169003178 2.02709269535779 1.13390014188176
5.30458225081094 -3.85431701044836 -0.214101023672718 0.00443330194420649 -2.46735293131714 -2.25957838930878 -0.0734060734912413 0.846858692343286 0.216601533719884 1.46263091201038 -0.234386004506553 1.50824237499305
0.737045784388112 0.457502915139333 2.28852661671004 0.993576894039036 -3.41203302233606 2.69353975199605 -4.42154116429821 -2.65249803891206 -2.08166158782908 -1.85119986730495 -2.85572416530464 -0.155552018008732
-7.41383145390227 -1.49031836835761 -1.77992951179544 0.489121804706847 -2.22692342535372 -1.96215695798043 0.139048228393967 1.00926318957131 1.49392059105973 1.43684802843682 1.73234107876564 2.90816163848414
0.142838785217168 -1.03975239665961 0.21365202273592 1.42818642367235 -1.08235885556967 -1.22913816809964 -1.07487864011829 -1.82828662359841 1.44271525646703 0.332136472885167 -1.0530308692312 1.81561960689244
-1.22460434715888 3.57733732794325 1.5306358550762 3.13348482774084 3.29782046083398 3.89384767068188 2.66396987974668 1.76280076039642 1.35478534075343 1.19365082933205 -0.0216213627274537 1.74405870452743
1.26257577229354 -2.15959097533842 -2.77371832864098 -2.17173077951758 -0.246832923274411 0.902179951013984 -2.18013139918986 -1.42313262723595 0.0035384884071058 1.29217982645791 -0.296514483309924 -0.374590568966066
3.90804393794041 1.780575812601 2.46785971018703 3.07822245483979 2.43100271286735 3.55289044875519 1.511484539014 -0.299052644020436 1.89284991134258 0.673752252274948 -0.56180832154959 -1.24106280711931
-0.694710650338574 1.55686236259973 1.2081222830501 -0.687626693954647 0.359249826221103 2.34154006104974 -1.59743786460888 -2.5865668555996 -2.12965534152642 -0.430222686067232 -1.34992770917994 -0.707073037245866
-2.43287789572578 -0.793345511343011 -0.552323992562989 -3.25605556123693 -2.01845106469555 1.09205314946003 -1.31553992048363 -2.05215904920032 -1.24907293930236 -2.00028083355389 -1.18391365759251 2.05497338529662
2.01465008345944 3.15006360796021 2.03908253446582 2.10527543903599 1.23546733498223 -0.392049170044063 -3.78075037903921 -4.63839607929224 -1.63525079377011 -3.93925135936798 -1.75471895175218 0.0351523800393724
1.35218278774567 -2.60208228402763 0.83449797240209 4.50209950703726 1.78801820234444 1.99375518943252 0.0940969161314346 2.77883099111595 -1.23478557574021 2.39695017985112 -0.569200336979264 -0.998612214567876
0.702211104403241 0.389762953272291 -0.202426517011352 0.544845391466131 3.33154322121331 0.925199131698112 1.16423629983704 1.58843369232598 1.36457552064468 3.37559453275573 2.31371616293815 5.23184135544967
2.16490410257691 3.85758366532138 1.24059125082184 -1.68606679338246 0.680810580311125 1.56232536870695 -3.39962092782148 -1.53017636955108 -2.95887353923552 3.99082391322853 1.73286057521604 1.19748813866419
1.59787798046346 -3.80488438791977 -0.608555474161383 1.34331529441326 -2.50205966314797 0.119330191320406 0.680144361551865 1.24428314527553 2.4483390863231 -2.28216022410212 -2.39068352049727 -1.87200426189972
1.06933633442619 2.16128008369665 0.737146392725504 -1.27953769120833 1.35112524232957 -1.23205400329077 3.3664627748672 2.46939336802941 1.12179866728745 -2.26208735552992 -0.631165608295861 -0.138123231663414
2.69864094617703 0.890705385063724 2.55858345640759 0.324513114654367 -0.885989621219919 -1.74443947711154 3.70453075172839 2.46223689368527 2.36560418307183 0.384012716535593 0.135183811253833 0.951180284534038
-4.29407506768621 -1.05165836430827 -2.06704620371075 -1.04668682182942 4.306328466066 -0.529277083372885 1.23922519287959 1.63260543222631 -1.97104101057587 0.544521546619654 0.631422019535933 0.093834766413222
-0.868200194271188 0.760876116200103 1.24044217820952 -4.53702869295917 -0.780007258568949 -2.77974914719577 2.40627691872465 2.95716953752915 0.532012764552776 -2.34712638403698 -2.73139972843491 -2.92929179830826
0.849887216084986 1.83335164816563 -0.458692315749889 0.368450566458586 0.415499631798893 -0.0110782572688779 1.47446921998664 -0.0943735675242636 1.6686892901336 3.14906165206415 4.32907880653579 4.85076066323886
-0.664005796723202 -0.482143474699782 0.272350999019193 -0.419347698952604 1.09589532698581 1.29490683854998 -2.62640929334244 -3.78557218322766 -1.86707609968117 1.7076893768149 1.16470267981228 2.29191760875718
1.73419194176611 -0.0657299147033545 0.536844761045936 -1.65976095533007 -0.746308528961179 0.0449277968732376 2.49461923897885 -0.942455204606456 3.37308761341725 -1.51595379594909 -3.49233713657113 -1.53642154911059
2.47463088189143 2.82094953341758 2.90386739714708 1.64620734802117 1.09536953523794 3.43183849690177 0.619081307364008 1.04478452586445 1.84253429585723 3.44018618941957 3.45422016424564 0.952627509289916
-0.244715360877188 -0.376071424951654 1.37756801875821 -3.29388801704756 1.22091488478449 0.919297519051343 1.75687385085113 1.5156708575269 -0.0957413549250086 0.0798344040820787 -0.153616431524768 0.338497420962301
-3.62974370102333 -0.469001442869211 0.302639344752348 -1.37613672064759 -1.05949192288047 1.26548588200604 -2.87880677883233 -0.599146122397601 -2.92341198602951 1.69578117819291 0.726038542233648 2.45838833163668
0.526469434099118 -3.27744336926364 -1.64036515393994 1.24087511669145 0.494721991315083 0.785993959354747 0.939408208215788 2.07495652805269 3.32143971154303 -1.55464695161779 -1.80516892192734 -1.28748485057858
-1.52427796500649 -0.95606384964288 -0.122269624281055 -1.85104609018985 -1.31455238841831 -3.02018155411196 -1.34450989288743 -3.94798342098637 0.421882194164036 -1.19138437139019 -0.308650984831321 3.16862939402339
1.42211274223099 1.86320819958655 1.36737594521252 2.58203527962396 -2.88784610036965 1.26017065884277 -2.65447844120789 -2.9300884354168 -1.20197191802334 -0.92267227192817 -0.19451761704318 1.03035415578
-2.00910519891799 0.567073876475138 1.4237495541814 1.02029802500677 1.26916638631588 0.893720513163546 -4.94281881715866 -4.30383657385577 -5.19069316943394 2.54006388166199 1.77648931455074 3.11076381534343
0.144934522925347 0.628039983531868 -2.39692967258095 3.39548741603249 1.37444602957645 -1.74609273873474 -0.81424617245614 -0.547311528628671 0.383564320076687 -2.82833475892313 -2.59399929416026 -0.729943946462752
0.549337383390718 -0.0791107683153665 0.472228046798287 -0.171886963202967 2.58153186557828 -1.09500975475113 -0.134235865974182 3.09376365666636 1.72127645493151 2.61089274022379 4.07972862312357 3.96660510770263
-1.85903012438604 0.206597282251108 0.067536832687101 0.420228907644508 -0.230944830601436 0.28477149068263 -1.23515534632672 0.919851765957689 0.62725860114471 -1.30974139870549 -3.0745715613022 -2.57109231001185
-1.91237240085365 -1.12655080854989 -0.507520939816922 -3.09967354138832 -0.678960876940714 -0.705113961771736 1.53567105324228 -0.541438079556389 -0.475707781209505 1.35275205958949 2.09447751939106 0.879340215126605
1.07997515996808 -0.282317611225744 -1.16758710750611 0.660781985545114 -0.468318308356075 0.277566924741806 -3.23212755636485 -2.52049819736671 -0.614529039388272 0.547341579430417 0.0236409717914688 0.0555560684410534
0.958246187423859 1.08046276795698 -1.62271982417687 2.82620133725165 1.7598029395305 -0.732347597147166 0.56126214153158 0.688079603868282 -1.49136639146371 -0.570900817996152 -0.775457003109554 -0.138065498549732
2.66506941074025 2.86101177260024 0.537168573755053 0.404522038863782 -2.42196267196921 -2.0120210364251 4.23010827496051 4.41431727717159 1.87377358656071 -1.23536332289891 -1.18430139429834 -0.0952009030443546
-1.04105765094013 -3.11297549203476 -4.52426003541309 -1.44391774723669 1.38289885166231 -1.32427378210769 -0.864974360643723 2.83153714168899 -0.379893309807544 1.14360295569718 3.5863819606056 -0.0304482007582771
-1.67220392636635 -3.92791139743623 -2.49465962220175 0.728106795896803 -0.278182243070281 -0.0399682494149274 2.93968432434326 0.913398088625319 1.56661646173954 2.049240065114 -0.925772528110441 0.273466421343209
0.673624530591503 2.29858721522802 0.638583951532779 3.52813187568694 -0.65018077120767 -1.05932704067998 1.92253266531187 1.06604506350916 0.995533210622092 1.87038971201717 -1.26840917391586 1.15106083381431
0.849116335952082 1.56415110722207 0.892902323806797 -1.31728449516244 -0.622464829786919 -0.686333345445458 -0.652717844724119 0.705901623585095 -0.596902107802377 -3.01431844531519 -2.81320490979694 -3.33895255419275
-0.108151218141103 -0.00419653506138307 -0.3878853080783 -1.0905172343094 -0.297271802204909 0.0906504241887445 -0.81138570629478 -1.87324792878746 -2.81212227504036 0.306084461220694 -0.992051400182856 -1.09012369623977
-0.3364887890316 -0.93540941000678 3.4865615835016 1.85750242199427 2.56752446844074 1.8679758551264 -3.72181177510769 -5.42174539075313 -3.33432243953332 3.04377865138029 2.80813647080559 1.38816338761637
-1.43230840225271 0.479037341480108 -2.19605597533256 -0.366847366124121 0.686588268485677 1.00405081045132 0.90487960609601 3.63195664908479 2.1156505908805 -0.955275220109021 -1.26995623586514 -0.944274907900334
0.12699376277916 0.366291737688987 2.28874060148865 1.31970327350417 -1.15727119551303 1.02095522559166 3.87489203945868 4.76390883933903 3.71308808950752 0.807715189605993 2.26368490087384 1.53438425929391
0.207141138160962 -3.11572741015625 -1.1611147833965 -0.150632928891642 0.0935406722699469 -1.75791840045193 2.90737595527371 -0.347207049610258 -1.81807959336283 -2.70745749073675 -2.46082275154658 -2.06839665495851
0.340443032238442 -0.869044420382899 -3.08273166108721 0.676482124865347 -1.41957780495164 2.03132736853782 1.84540778253812 1.15103754114746 3.70579020653923 2.5488757730845 3.61050967457304 4.09644898209578
-2.31631407907413 -3.26326210672418 -3.06245640123662 2.44998320255838 -1.58236668238827 0.18455411882946 -1.5696019016889 1.91328909463486 1.8400297220899 0.439013750686486 3.44443466609076 1.08005417426174
-0.389519380603103 0.655914771946106 0.495012877685505 -0.899901899100607 0.572912636401647 0.33741982026051 2.03278452924111 1.97207073396504 2.73026688771038 0.261819351647676 -0.355494345629969 0.405652804358367
2.88187257463333 -0.285366156800115 1.73746680359326 2.69543728073555 1.80801624095911 0.40122742881117 0.0463997460301546 1.08003249145448 1.70718775185417 -1.08727568435172 -0.206408929489138 -2.47051316275489
