2.66666666666667 2.85714285714286 4.47571428571429 4.56809523809524
3.28571428571429 2.66666666666667 4.31857142857143 7.85809523809524
2.61904761904762 3.42857142857143 4.19142857142857 6.18714285714286
2.61904761904762 2.95238095238095 4.91904761904762 4.75
2.95238095238095 3.04761904761905 5.53666666666667 6.06761904761905
3.23809523809524 2.95238095238095 4.24095238095238 3.33619047619048
2.9047619047619 2.9047619047619 5.04047619047619 5.82047619047619
2.95238095238095 3 6.70952380952381 6.5252380952381
3.14285714285714 2.76190476190476 4.30380952380952 4.93
3.19047619047619 2.9047619047619 4.15095238095238 4.32238095238095
2.76190476190476 2.80952380952381 4.81714285714286 6.47714285714286
3 2.95238095238095 3.30238095238095 4.93904761904762
3.14285714285714 2.80952380952381 6.92666666666667 6.13809523809524
3.28571428571429 2.95238095238095 5.82571428571429 4.59904761904762
2.95238095238095 3 4.27809523809524 5.67190476190476
2.85714285714286 3.14285714285714 3.80857142857143 5.5247619047619
2.85714285714286 2.76190476190476 4.47 6.43380952380952
3.14285714285714 3.0952380952381 4.55904761904762 4.25
3 3.14285714285714 5.69428571428571 5.38333333333333
3.04761904761905 3.19047619047619 5.4847619047619 6.46714285714286
2.80952380952381 2.80952380952381 4.26714285714286 4.08190476190476
2.80952380952381 3.19047619047619 5.41 5.09428571428571
2.61904761904762 2.42857142857143 4.57857142857143 5.97333333333333
2.95238095238095 2.52380952380952 6.77809523809524 4.38761904761905
3.04761904761905 2.85714285714286 4.31 5.10809523809524
3.04761904761905 3.23809523809524 3.4852380952381 6.7
3 3.14285714285714 3.98761904761905 5.1247619047619
3.14285714285714 2.71428571428571 4.30095238095238 4.75285714285714
2.85714285714286 2.76190476190476 4.32761904761905 5.3047619047619
2.61904761904762 3.04761904761905 5.36095238095238 4.69142857142857
3.14285714285714 2.66666666666667 5.21095238095238 4.38619047619048
3.14285714285714 3.28571428571429 4.65666666666667 4.95619047619048
2.61904761904762 2.9047619047619 4.43095238095238 2.86904761904762
3.19047619047619 3.14285714285714 5.20047619047619 3.98571428571429
3.04761904761905 2.95238095238095 4.2647619047619 5.69809523809524
2.9047619047619 3.19047619047619 5.20428571428571 4.00380952380952
3.52380952380952 2.9047619047619 4.6747619047619 4.42523809523809
2.9047619047619 3.19047619047619 6.14571428571429 5.52619047619048
2.9047619047619 3.19047619047619 3.77142857142857 5.30571428571429
2.80952380952381 2.95238095238095 4.41047619047619 5.21
3.28571428571429 3.04761904761905 5.25142857142857 5.61190476190476
3.0952380952381 2.95238095238095 5.17904761904762 6.37857142857143
2.66666666666667 2.9047619047619 3.93904761904762 4.88857142857143
2.85714285714286 3.33333333333333 4.80809523809524 3.93619047619048
3.23809523809524 2.61904761904762 2.76904761904762 4.98047619047619
3.19047619047619 2.61904761904762 3.49809523809524 4.43571428571429
3.28571428571429 2.9047619047619 2.35857142857143 3.65
2.76190476190476 2.9047619047619 3.93571428571429 4.68333333333333
2.61904761904762 3.14285714285714 5.15571428571429 3.85333333333333
3.19047619047619 3.23809523809524 4.12761904761905 5.65238095238095
2.9047619047619 3 6.58857142857143 4.72761904761905
3.04761904761905 3.42857142857143 4.15666666666667 5.58333333333333
2.9047619047619 3.0952380952381 5.62142857142857 5.25
3.19047619047619 2.9047619047619 5.43761904761905 4.43952380952381
2.76190476190476 2.76190476190476 4.16428571428571 5.56619047619048
3 3.19047619047619 3.80190476190476 5.02380952380952
2.9047619047619 3.0952380952381 5.52238095238095 5.66142857142857
2.76190476190476 2.85714285714286 4.17761904761905 3.85238095238095
3.14285714285714 3.28571428571429 6.43047619047619 5.9452380952381
3.47619047619048 3.14285714285714 5.68 5.06190476190476
2.80952380952381 3.14285714285714 5.0452380952381 5.23
2.61904761904762 3.04761904761905 4.92333333333333 4.60904761904762
2.9047619047619 3.38095238095238 3.67095238095238 2.22714285714286
2.95238095238095 2.66666666666667 3.84047619047619 4.54285714285714
3.38095238095238 2.61904761904762 4.6252380952381 6.75238095238095
2.9047619047619 3.38095238095238 4.84 5.51047619047619
3.04761904761905 2.95238095238095 2.71571428571429 3.67190476190476
3 3.04761904761905 4.06714285714286 6.04666666666667
2.95238095238095 3.14285714285714 2.86714285714286 5.5452380952381
2.61904761904762 3.33333333333333 4.12428571428571 4.39666666666667
2.9047619047619 2.80952380952381 4.39333333333333 5.23952380952381
2.95238095238095 2.9047619047619 3.17619047619048 3.58571428571429
2.9047619047619 2.9047619047619 6.23285714285714 5.38857142857143
3 3.04761904761905 4.99619047619048 7.11666666666667
3 2.85714285714286 4.37857142857143 5.35904761904762
3.33333333333333 2.38095238095238 4.04714285714286 4.77809523809524
2.76190476190476 3.04761904761905 2.04190476190476 3.10571428571429
3.04761904761905 3.28571428571429 4.2947619047619 4.43666666666667
2.61904761904762 3.14285714285714 4.85952380952381 6.10809523809524
3.04761904761905 3.28571428571429 5.14333333333333 5.0052380952381
2.9047619047619 2.9047619047619 4.33047619047619 5.33761904761905
3.19047619047619 3.19047619047619 6.30190476190476 6.87809523809524
3.47619047619048 3.28571428571429 5.42190476190476 5.02047619047619
2.85714285714286 3.04761904761905 3.21571428571429 6.43
2.61904761904762 2.9047619047619 4.43428571428571 4.90857142857143
3.28571428571429 3.19047619047619 7.0447619047619 6.16761904761905
3 3.0952380952381 4.44571428571429 7.08285714285714
3.04761904761905 3.28571428571429 3.75190476190476 4.87285714285714
2.95238095238095 2.61904761904762 4.70809523809524 4.54619047619048
2.66666666666667 3 2.97333333333333 5.20809523809524
2.47619047619048 3.19047619047619 4.55571428571429 3.44619047619048
2.80952380952381 3.47619047619048 5.81666666666667 3.62619047619048
2.85714285714286 3.42857142857143 4.55857142857143 6.04761904761905
3.04761904761905 3.0952380952381 5.74761904761905 6.46619047619048
2.80952380952381 3.0952380952381 3.65666666666667 3.47952380952381
3 3.0952380952381 3.65285714285714 4.08095238095238
3.0952380952381 3.28571428571429 4.76333333333333 5.59
3 2.9047619047619 5.56952380952381 3.46142857142857
3 2.95238095238095 4.39285714285714 3.89238095238095
2.95238095238095 3 5.48 5.95619047619048
